0 0.316228
0.000316544 0.316228
0.000633089 0.316228
0.000949633 0.316228
0.00126618 0.316228
0.00158272 0.316228
0.00189927 0.316228
0.00221581 0.316228
0.00253235 0.316228
0.0028489 0.316228
0.00316544 0.316228
0.00348199 0.316228
0.00379853 0.316228
0.00411508 0.316228
0.00443162 0.316228
0.00474816 0.316228
0.00506471 0.316228
0.00538125 0.316228
0.0056978 0.316228
0.00601434 0.316228
0.00633089 0.316228
0.00664743 0.316228
0.00696397 0.316228
0.00728052 0.316228
0.00759706 0.316228
0.00791361 0.316228
0.00823015 0.316228
0.0085467 0.316228
0.00886324 0.316228
0.00917978 0.316228
0.00949633 0.316228
0.00981287 0.316228
0.0101294 0.316228
0.010446 0.316228
0.0107625 0.316228
0.0110791 0.316228
0.0113956 0.316228
0.0117121 0.316228
0.0120287 0.316228
0.0123452 0.316228
0.0126618 0.316228
0.0129783 0.316228
0.0132949 0.316228
0.0136114 0.316228
0.0139279 0.316228
0.0142445 0.316228
0.014561 0.316228
0.0148776 0.316228
0.0151941 0.316228
0.0155107 0.316228
0.0158272 0.316228
0.0161438 0.316228
0.0164603 0.316228
0.0167768 0.316228
0.0170934 0.316228
0.0174099 0.316228
0.0177265 0.316228
0.018043 0.316228
0.0183596 0.316228
0.0186761 0.316228
0.0189927 0.316228
0.0193092 0.316228
0.0196257 0.316228
0.0199423 0.316228
0.0202588 0.316228
0.0205754 0.316228
0.0208919 0.316228
0.0212085 0.316228
0.021525 0.316228
0.0218416 0.316228
0.0221581 0.316228
0.0224746 0.316228
0.0227912 0.316228
0.0231077 0.316228
0.0234243 0.316228
0.0237408 0.316228
0.0240574 0.316228
0.0243739 0.316228
0.0246905 0.316228
0.025007 0.316228
0.0253235 0.316228
0.0256401 0.316228
0.0259566 0.316228
0.0262732 0.316228
0.0265897 0.316228
0.0269063 0.316228
0.0272228 0.316228
0.0275394 0.316228
0.0278559 0.316228
0.0281724 0.316228
0.028489 0.316228
0.0288055 0.316228
0.0291221 0.316228
0.0294386 0.316228
0.0297552 0.316228
0.0300717 0.316228
0.0303883 0.316228
0.0307048 0.316228
0.0310213 0.316228
0.0313379 0.316228
0.0316544 0.316228
0.031971 0.316228
0.0322875 0.316228
0.0326041 0.316228
0.0329206 0.316228
0.0332372 0.316228
0.0335537 0.316228
0.0338702 0.316228
0.0341868 0.316228
0.0345033 0.316228
0.0348199 0.316228
0.0351364 0.316228
0.035453 0.316228
0.0357695 0.316228
0.0360861 0.316228
0.0364026 0.316228
0.0367191 0.316228
0.0370357 0.316228
0.0373522 0.316228
0.0376688 0.316228
0.0379853 0.316228
0.0383019 0.316228
0.0386184 0.316228
0.038935 0.316228
0.0392515 0.316228
0.039568 0.316228
0.0398846 0.316228
0.0402011 0.316228
0.0405177 0.316228
0.0408342 0.316228
0.0411508 0.316228
0.0414673 0.316228
0.0417838 0.316228
0.0421004 0.316228
0.0424169 0.316228
0.0427335 0.316228
0.04305 0.316228
0.0433666 0.316228
0.0436831 0.316228
0.0439997 0.316228
0.0443162 0.316228
0.0446327 0.316228
0.0449493 0.316228
0.0452658 0.316228
0.0455824 0.316228
0.0458989 0.316228
0.0462155 0.316228
0.046532 0.316228
0.0468486 0.316228
0.0471651 0.316228
0.0474816 0.316228
0.0477982 0.316228
0.0481147 0.316228
0.0484313 0.316228
0.0487478 0.316228
0.0490644 0.316228
0.0493809 0.316228
0.0496975 0.316228
0.050014 0.316228
0.0503305 0.316228
0.0506471 0.316228
0.0509636 0.316228
0.0512802 0.316228
0.0515967 0.316228
0.0519133 0.316228
0.0522298 0.316228
0.0525464 0.316228
0.0528629 0.316228
0.0531794 0.316228
0.053496 0.316228
0.0538125 0.316228
0.0541291 0.316228
0.0544456 0.316228
0.0547622 0.316228
0.0550787 0.316228
0.0553953 0.316228
0.0557118 0.316228
0.0560283 0.316228
0.0563449 0.316228
0.0566614 0.316228
0.056978 0.316228
0.0572945 0.316228
0.0576111 0.316228
0.0579276 0.316228
0.0582442 0.316228
0.0585607 0.316228
0.0588772 0.316228
0.0591938 0.316228
0.0595103 0.316228
0.0598269 0.316228
0.0601434 0.316228
0.06046 0.316228
0.0607765 0.316228
0.0610931 0.316228
0.0614096 0.316228
0.0617261 0.316228
0.0620427 0.316228
0.0623592 0.316228
0.0626758 0.316228
0.0629923 0.316228
0.0633089 0.316228
0.0636254 0.316228
0.063942 0.316228
0.0642585 0.316228
0.064575 0.316228
0.0648916 0.316228
0.0652081 0.316228
0.0655247 0.316228
0.0658412 0.316228
0.0661578 0.316228
0.0664743 0.316228
0.0667908 0.316228
0.0671074 0.316228
0.0674239 0.316228
0.0677405 0.316228
0.068057 0.316228
0.0683736 0.316228
0.0686901 0.316228
0.0690067 0.316228
0.0693232 0.316228
0.0696397 0.316228
0.0699563 0.316228
0.0702728 0.316228
0.0705894 0.316228
0.0709059 0.316228
0.0712225 0.316228
0.071539 0.316228
0.0718556 0.316228
0.0721721 0.316228
0.0724886 0.316228
0.0728052 0.316228
0.0731217 0.316228
0.0734383 0.316228
0.0737548 0.316228
0.0740714 0.316228
0.0743879 0.316228
0.0747045 0.316228
0.075021 0.316228
0.0753375 0.316228
0.0756541 0.316228
0.0759706 0.316228
0.0762872 0.316228
0.0766037 0.316228
0.0769203 0.316228
0.0772368 0.316228
0.0775534 0.316228
0.0778699 0.316228
0.0781864 0.316228
0.078503 0.316228
0.0788195 0.316228
0.0791361 0.316228
0.0794526 0.316228
0.0797692 0.316228
0.0800857 0.316228
0.0804023 0.316228
0.0807188 0.316228
0.0810353 0.316228
0.0813519 0.316228
0.0816684 0.316228
0.081985 0.316228
0.0823015 0.316228
0.0826181 0.316228
0.0829346 0.316228
0.0832512 0.316228
0.0835677 0.316228
0.0838842 0.316228
0.0842008 0.316228
0.0845173 0.316228
0.0848339 0.316228
0.0851504 0.316228
0.085467 0.316228
0.0857835 0.316228
0.0861001 0.316228
0.0864166 0.316228
0.0867331 0.316228
0.0870497 0.316228
0.0873662 0.316228
0.0876828 0.316228
0.0879993 0.316228
0.0883159 0.316228
0.0886324 0.316228
0.088949 0.316228
0.0892655 0.316228
0.089582 0.316228
0.0898986 0.316228
0.0902151 0.316228
0.0905317 0.316228
0.0908482 0.316228
0.0911648 0.316228
0.0914813 0.316228
0.0917978 0.316228
0.0921144 0.316228
0.0924309 0.316228
0.0927475 0.316228
0.093064 0.316228
0.0933806 0.316228
0.0936971 0.316228
0.0940137 0.316228
0.0943302 0.316228
0.0946467 0.316228
0.0949633 0.316228
0.0952798 0.316228
0.0955964 0.316228
0.0959129 0.316228
0.0962295 0.316228
0.096546 0.316228
0.0968626 0.316228
0.0971791 0.316228
0.0974956 0.316228
0.0978122 0.316228
0.0981287 0.316228
0.0984453 0.316228
0.0987618 0.316228
0.0990784 0.316228
0.0993949 0.316228
0.0997115 0.316228
0.100028 0.316228
0.100345 0.316228
0.100661 0.316228
0.100978 0.316228
0.101294 0.316228
0.101611 0.316228
0.101927 0.316228
0.102244 0.316228
0.10256 0.316228
0.102877 0.316228
0.103193 0.316228
0.10351 0.316228
0.103827 0.316228
0.104143 0.316228
0.10446 0.316228
0.104776 0.316228
0.105093 0.316228
0.105409 0.316228
0.105726 0.316228
0.106042 0.316228
0.106359 0.316228
0.106675 0.316228
0.106992 0.316228
0.107309 0.316228
0.107625 0.316228
0.107942 0.316228
0.108258 0.316228
0.108575 0.316228
0.108891 0.316228
0.109208 0.316228
0.109524 0.316228
0.109841 0.316228
0.110157 0.316228
0.110474 0.316228
0.110791 0.316228
0.111107 0.316228
0.111424 0.316228
0.11174 0.316228
0.112057 0.316228
0.112373 0.316228
0.11269 0.316228
0.113006 0.316228
0.113323 0.316228
0.113639 0.316228
0.113956 0.316228
0.114272 0.316228
0.114589 0.316228
0.114906 0.316228
0.115222 0.316228
0.115539 0.316228
0.115855 0.316228
0.116172 0.316228
0.116488 0.316228
0.116805 0.316228
0.117121 0.316228
0.117438 0.316228
0.117754 0.316228
0.118071 0.316228
0.118388 0.316228
0.118704 0.316228
0.119021 0.316228
0.119337 0.316228
0.119654 0.316228
0.11997 0.316228
0.120287 0.316228
0.120603 0.316228
0.12092 0.316228
0.121236 0.316228
0.121553 0.316228
0.12187 0.316228
0.122186 0.316228
0.122503 0.316228
0.122819 0.316228
0.123136 0.316228
0.123452 0.316228
0.123769 0.316228
0.124085 0.316228
0.124402 0.316228
0.124718 0.316228
0.125035 0.316228
0.125352 0.316228
0.125668 0.316228
0.125985 0.316228
0.126301 0.316228
0.126618 0.316228
0.126934 0.316228
0.127251 0.316228
0.127567 0.316228
0.127884 0.316228
0.1282 0.316228
0.128517 0.316228
0.128834 0.316228
0.12915 0.316228
0.129467 0.316228
0.129783 0.316228
0.1301 0.316228
0.130416 0.316228
0.130733 0.316228
0.131049 0.316228
0.131366 0.316228
0.131682 0.316228
0.131999 0.316228
0.132316 0.316228
0.132632 0.316228
0.132949 0.316228
0.133265 0.316228
0.133582 0.316228
0.133898 0.316228
0.134215 0.316228
0.134531 0.316228
0.134848 0.316228
0.135164 0.316228
0.135481 0.316228
0.135798 0.316228
0.136114 0.316228
0.136431 0.316228
0.136747 0.316228
0.137064 0.316228
0.13738 0.316228
0.137697 0.316228
0.138013 0.316228
0.13833 0.316228
0.138646 0.316228
0.138963 0.316228
0.139279 0.316228
0.139596 0.316228
0.139913 0.316228
0.140229 0.316228
0.140546 0.316228
0.140862 0.316228
0.141179 0.316228
0.141495 0.316228
0.141812 0.316228
0.142128 0.316228
0.142445 0.316228
0.142761 0.316228
0.143078 0.316228
0.143395 0.316228
0.143711 0.316228
0.144028 0.316228
0.144344 0.316228
0.144661 0.316228
0.144977 0.316228
0.145294 0.316228
0.14561 0.316228
0.145927 0.316228
0.146243 0.316228
0.14656 0.316228
0.146877 0.316228
0.147193 0.316228
0.14751 0.316228
0.147826 0.316228
0.148143 0.316228
0.148459 0.316228
0.148776 0.316228
0.149092 0.316228
0.149409 0.316228
0.149725 0.316228
0.150042 0.316228
0.150359 0.316228
0.150675 0.316228
0.150992 0.316228
0.151308 0.316228
0.151625 0.316228
0.151941 0.316228
0.152258 0.316228
0.152574 0.316228
0.152891 0.316228
0.153207 0.316228
0.153524 0.316228
0.153841 0.316228
0.154157 0.316228
0.154474 0.316228
0.15479 0.316228
0.155107 0.316228
0.155423 0.316228
0.15574 0.316228
0.156056 0.316228
0.156373 0.316228
0.156689 0.316228
0.157006 0.316228
0.157323 0.316228
0.157639 0.316228
0.157956 0.316228
0.158272 0.316228
0.158589 0.316228
0.158905 0.316228
0.159222 0.316228
0.159538 0.316228
0.159855 0.316228
0.160171 0.316228
0.160488 0.316228
0.160805 0.316228
0.161121 0.316228
0.161438 0.316228
0.161754 0.316228
0.162071 0.316228
0.162387 0.316228
0.162704 0.316228
0.16302 0.316228
0.163337 0.316228
0.163653 0.316228
0.16397 0.316228
0.164286 0.316228
0.164603 0.316228
0.16492 0.316228
0.165236 0.316228
0.165553 0.316228
0.165869 0.316228
0.166186 0.316228
0.166502 0.316228
0.166819 0.316228
0.167135 0.316228
0.167452 0.316228
0.167768 0.316228
0.168085 0.316228
0.168402 0.316228
0.168718 0.316228
0.169035 0.316228
0.169351 0.316228
0.169668 0.316228
0.169984 0.316228
0.170301 0.316228
0.170617 0.316228
0.170934 0.316228
0.17125 0.316228
0.171567 0.316228
0.171884 0.316228
0.1722 0.316228
0.172517 0.316228
0.172833 0.316228
0.17315 0.316228
0.173466 0.316228
0.173783 0.316228
0.174099 0.316228
0.174416 0.316228
0.174732 0.316228
0.175049 0.316228
0.175366 0.316228
0.175682 0.316228
0.175999 0.316228
0.176315 0.316228
0.176632 0.316228
0.176948 0.316228
0.177265 0.316228
0.177581 0.316228
0.177898 0.316228
0.178214 0.316228
0.178531 0.316228
0.178848 0.316228
0.179164 0.316228
0.179481 0.316228
0.179797 0.316228
0.180114 0.316228
0.18043 0.316228
0.180747 0.316228
0.181063 0.316228
0.18138 0.316228
0.181696 0.316228
0.182013 0.316228
0.18233 0.316228
0.182646 0.316228
0.182963 0.316228
0.183279 0.316228
0.183596 0.316228
0.183912 0.316228
0.184229 0.316228
0.184545 0.316228
0.184862 0.316228
0.185178 0.316228
0.185495 0.316228
0.185812 0.316228
0.186128 0.316228
0.186445 0.316228
0.186761 0.316228
0.187078 0.316228
0.187394 0.316228
0.187711 0.316228
0.188027 0.316228
0.188344 0.316228
0.18866 0.316228
0.188977 0.316228
0.189293 0.316228
0.18961 0.316228
0.189927 0.316228
0.190243 0.316228
0.19056 0.316228
0.190876 0.316228
0.191193 0.316228
0.191509 0.316228
0.191826 0.316228
0.192142 0.316228
0.192459 0.316228
0.192775 0.316228
0.193092 0.316228
0.193409 0.316228
0.193725 0.316228
0.194042 0.316228
0.194358 0.316228
0.194675 0.316228
0.194991 0.316228
0.195308 0.316228
0.195624 0.316228
0.195941 0.316228
0.196257 0.316228
0.196574 0.316228
0.196891 0.316228
0.197207 0.316228
0.197524 0.316228
0.19784 0.316228
0.198157 0.316228
0.198473 0.316228
0.19879 0.316228
0.199106 0.316228
0.199423 0.316228
0.199739 0.316228
0.200056 0.316228
0.200373 0.316228
0.200689 0.316228
0.201006 0.316228
0.201322 0.316228
0.201639 0.316228
0.201955 0.316228
0.202272 0.316228
0.202588 0.316228
0.202905 0.316228
0.203221 0.316228
0.203538 0.316228
0.203855 0.316228
0.204171 0.316228
0.204488 0.316228
0.204804 0.316228
0.205121 0.316228
0.205437 0.316228
0.205754 0.316228
0.20607 0.316228
0.206387 0.316228
0.206703 0.316228
0.20702 0.316228
0.207337 0.316228
0.207653 0.316228
0.20797 0.316228
0.208286 0.316228
0.208603 0.316228
0.208919 0.316228
0.209236 0.316228
0.209552 0.316228
0.209869 0.316228
0.210185 0.316228
0.210502 0.316228
0.210819 0.316228
0.211135 0.316228
0.211452 0.316228
0.211768 0.316228
0.212085 0.316228
0.212401 0.316228
0.212718 0.316228
0.213034 0.316228
0.213351 0.316228
0.213667 0.316228
0.213984 0.316228
0.2143 0.316228
0.214617 0.316228
0.214934 0.316228
0.21525 0.316228
0.215567 0.316228
0.215883 0.316228
0.2162 0.316228
0.216516 0.316228
0.216833 0.316228
0.217149 0.316228
0.217466 0.316228
0.217782 0.316228
0.218099 0.316228
0.218416 0.316228
0.218732 0.316228
0.219049 0.316228
0.219365 0.316228
0.219682 0.316228
0.219998 0.316228
0.220315 0.316228
0.220631 0.316228
0.220948 0.316228
0.221264 0.316228
0.221581 0.316228
0.221898 0.316228
0.222214 0.316228
0.222531 0.316228
0.222847 0.316228
0.223164 0.316228
0.22348 0.316228
0.223797 0.316228
0.224113 0.316228
0.22443 0.316228
0.224746 0.316228
0.225063 0.316228
0.22538 0.316228
0.225696 0.316228
0.226013 0.316228
0.226329 0.316228
0.226646 0.316228
0.226962 0.316228
0.227279 0.316228
0.227595 0.316228
0.227912 0.316228
0.228228 0.316228
0.228545 0.316228
0.228862 0.316228
0.229178 0.316228
0.229495 0.316228
0.229811 0.316228
0.230128 0.316228
0.230444 0.316228
0.230761 0.316228
0.231077 0.316228
0.231394 0.316228
0.23171 0.316228
0.232027 0.316228
0.232344 0.316228
0.23266 0.316228
0.232977 0.316228
0.233293 0.316228
0.23361 0.316228
0.233926 0.316228
0.234243 0.316228
0.234559 0.316228
0.234876 0.316228
0.235192 0.316228
0.235509 0.316228
0.235826 0.316228
0.236142 0.316228
0.236459 0.316228
0.236775 0.316228
0.237092 0.316228
0.237408 0.316228
0.237725 0.316228
0.238041 0.316228
0.238358 0.316228
0.238674 0.316228
0.238991 0.316228
0.239307 0.316228
0.239624 0.316228
0.239941 0.316228
0.240257 0.316228
0.240574 0.316228
0.24089 0.316228
0.241207 0.316228
0.241523 0.316228
0.24184 0.316228
0.242156 0.316228
0.242473 0.316228
0.242789 0.316228
0.243106 0.316228
0.243423 0.316228
0.243739 0.316228
0.244056 0.316228
0.244372 0.316228
0.244689 0.316228
0.245005 0.316228
0.245322 0.316228
0.245638 0.316228
0.245955 0.316228
0.246271 0.316228
0.246588 0.316228
0.246905 0.316228
0.247221 0.316228
0.247538 0.316228
0.247854 0.316228
0.248171 0.316228
0.248487 0.316228
0.248804 0.316228
0.24912 0.316228
0.249437 0.316228
0.249753 0.316228
0.25007 0.316228
0.250387 0.316228
0.250703 0.316228
0.25102 0.316228
0.251336 0.316228
0.251653 0.316228
0.251969 0.316228
0.252286 0.316228
0.252602 0.316228
0.252919 0.316228
0.253235 0.316228
0.253552 0.316228
0.253869 0.316228
0.254185 0.316228
0.254502 0.316228
0.254818 0.316228
0.255135 0.316228
0.255451 0.316228
0.255768 0.316228
0.256084 0.316228
0.256401 0.316228
0.256717 0.316228
0.257034 0.316228
0.257351 0.316228
0.257667 0.316228
0.257984 0.316228
0.2583 0.316228
0.258617 0.316228
0.258933 0.316228
0.25925 0.316228
0.259566 0.316228
0.259883 0.316228
0.260199 0.316228
0.260516 0.316228
0.260833 0.316228
0.261149 0.316228
0.261466 0.316228
0.261782 0.316228
0.262099 0.316228
0.262415 0.316228
0.262732 0.316228
0.263048 0.316228
0.263365 0.316228
0.263681 0.316228
0.263998 0.316228
0.264314 0.316228
0.264631 0.316228
0.264948 0.316228
0.265264 0.316228
0.265581 0.316228
0.265897 0.316228
0.266214 0.316228
0.26653 0.316228
0.266847 0.316228
0.267163 0.316228
0.26748 0.316228
0.267796 0.316228
0.268113 0.316228
0.26843 0.316228
0.268746 0.316228
0.269063 0.316228
0.269379 0.316228
0.269696 0.316228
0.270012 0.316228
0.270329 0.316228
0.270645 0.316228
0.270962 0.316228
0.271278 0.316228
0.271595 0.316228
0.271912 0.316228
0.272228 0.316228
0.272545 0.316228
0.272861 0.316228
0.273178 0.316228
0.273494 0.316228
0.273811 0.316228
0.274127 0.316228
0.274444 0.316228
0.27476 0.316228
0.275077 0.316228
0.275394 0.316228
0.27571 0.316228
0.276027 0.316228
0.276343 0.316228
0.27666 0.316228
0.276976 0.316228
0.277293 0.316228
0.277609 0.316228
0.277926 0.316228
0.278242 0.316228
0.278559 0.316228
0.278876 0.316228
0.279192 0.316228
0.279509 0.316228
0.279825 0.316228
0.280142 0.316228
0.280458 0.316228
0.280775 0.316228
0.281091 0.316228
0.281408 0.316228
0.281724 0.316228
0.282041 0.316228
0.282358 0.316228
0.282674 0.316228
0.282991 0.316228
0.283307 0.316228
0.283624 0.316228
0.28394 0.316228
0.284257 0.316228
0.284573 0.316228
0.28489 0.316228
0.285206 0.316228
0.285523 0.316228
0.28584 0.316228
0.286156 0.316228
0.286473 0.316228
0.286789 0.316228
0.287106 0.316228
0.287422 0.316228
0.287739 0.316228
0.288055 0.316228
0.288372 0.316228
0.288688 0.316228
0.289005 0.316228
0.289321 0.316228
0.289638 0.316228
0.289955 0.316228
0.290271 0.316228
0.290588 0.316228
0.290904 0.316228
0.291221 0.316228
0.291537 0.316228
0.291854 0.316228
0.29217 0.316228
0.292487 0.316228
0.292803 0.316228
0.29312 0.316228
0.293437 0.316228
0.293753 0.316228
0.29407 0.316228
0.294386 0.316228
0.294703 0.316228
0.295019 0.316228
0.295336 0.316228
0.295652 0.316228
0.295969 0.316228
0.296285 0.316228
0.296602 0.316228
0.296919 0.316228
0.297235 0.316228
0.297552 0.316228
0.297868 0.316228
0.298185 0.316228
0.298501 0.316228
0.298818 0.316228
0.299134 0.316228
0.299451 0.316228
0.299767 0.316228
0.300084 0.316228
0.300401 0.316228
0.300717 0.316228
0.301034 0.316228
0.30135 0.316228
0.301667 0.316228
0.301983 0.316228
0.3023 0.316228
0.302616 0.316228
0.302933 0.316228
0.303249 0.316228
0.303566 0.316228
0.303883 0.316228
0.304199 0.316228
0.304516 0.316228
0.304832 0.316228
0.305149 0.316228
0.305465 0.316228
0.305782 0.316228
0.306098 0.316228
0.306415 0.316228
0.306731 0.316228
0.307048 0.316228
0.307365 0.316228
0.307681 0.316228
0.307998 0.316228
0.308314 0.316228
0.308631 0.316228
0.308947 0.316228
0.309264 0.316228
0.30958 0.316228
0.309897 0.316228
0.310213 0.316228
0.31053 0.316228
0.310847 0.316228
0.311163 0.316228
0.31148 0.316228
0.311796 0.316228
0.312113 0.316228
0.312429 0.316228
0.312746 0.316228
0.313062 0.316228
0.313379 0.316228
0.313695 0.316228
0.314012 0.316228
0.314329 0.316228
0.314645 0.316228
0.314962 0.316228
0.315278 0.316228
0.315595 0.316228
0.315911 0.316228
0.316228 0.316228
