0.527046 0.527046
0.52752 0.52752
0.527993 0.527993
0.528467 0.528467
0.52894 0.52894
0.529413 0.529413
0.529887 0.529887
0.53036 0.53036
0.530834 0.530834
0.531307 0.531307
0.531781 0.531781
0.532254 0.532254
0.532727 0.532727
0.533201 0.533201
0.533674 0.533674
0.534148 0.534148
0.534621 0.534621
0.535095 0.535095
0.535568 0.535568
0.536041 0.536041
0.536515 0.536515
0.536988 0.536988
0.537462 0.537462
0.537935 0.537935
0.538409 0.538409
0.538882 0.538882
0.539355 0.539355
0.539829 0.539829
0.540302 0.540302
0.540776 0.540776
0.541249 0.541249
0.541723 0.541723
0.542196 0.542196
0.542669 0.542669
0.543143 0.543143
0.543616 0.543616
0.54409 0.54409
0.544563 0.544563
0.545037 0.545037
0.54551 0.54551
0.545983 0.545983
0.546457 0.546457
0.54693 0.54693
0.547404 0.547404
0.547877 0.547877
0.54835 0.54835
0.548824 0.548824
0.549297 0.549297
0.549771 0.549771
0.550244 0.550244
0.550718 0.550718
0.551191 0.551191
0.551664 0.551664
0.552138 0.552138
0.552611 0.552611
0.553085 0.553085
0.553558 0.553558
0.554032 0.554032
0.554505 0.554505
0.554978 0.554978
0.555452 0.555452
0.555925 0.555925
0.556399 0.556399
0.556872 0.556872
0.557346 0.557346
0.557819 0.557819
0.558292 0.558292
0.558766 0.558766
0.559239 0.559239
0.559713 0.559713
0.560186 0.560186
0.56066 0.56066
0.561133 0.561133
0.561606 0.561606
0.56208 0.56208
0.562553 0.562553
0.563027 0.563027
0.5635 0.5635
0.563974 0.563974
0.564447 0.564447
0.56492 0.56492
0.565394 0.565394
0.565867 0.565867
0.566341 0.566341
0.566814 0.566814
0.567288 0.567288
0.567761 0.567761
0.568234 0.568234
0.568708 0.568708
0.569181 0.569181
0.569655 0.569655
0.570128 0.570128
0.570602 0.570602
0.571075 0.571075
0.571548 0.571548
0.572022 0.572022
0.572495 0.572495
0.572969 0.572969
0.573442 0.573442
0.573916 0.573916
0.574389 0.574389
0.574862 0.574862
0.575336 0.575336
0.575809 0.575809
0.576283 0.576283
0.576756 0.576756
0.57723 0.57723
0.577703 0.577703
0.578176 0.578176
0.57865 0.57865
0.579123 0.579123
0.579597 0.579597
0.58007 0.58007
0.580544 0.580544
0.581017 0.581017
0.58149 0.58149
0.581964 0.581964
0.582437 0.582437
0.582911 0.582911
0.583384 0.583384
0.583858 0.583858
0.584331 0.584331
0.584804 0.584804
0.585278 0.585278
0.585751 0.585751
0.586225 0.586225
0.586698 0.586698
0.587172 0.587172
0.587645 0.587645
0.588118 0.588118
0.588592 0.588592
0.589065 0.589065
0.589539 0.589539
0.590012 0.590012
0.590486 0.590486
0.590959 0.590959
0.591432 0.591432
0.591906 0.591906
0.592379 0.592379
0.592853 0.592853
0.593326 0.593326
0.5938 0.5938
0.594273 0.594273
0.594746 0.594746
0.59522 0.59522
0.595693 0.595693
0.596167 0.596167
0.59664 0.59664
0.597113 0.597113
0.597587 0.597587
0.59806 0.59806
0.598534 0.598534
0.599007 0.599007
0.599481 0.599481
0.599954 0.599954
0.600427 0.600427
0.600901 0.600901
0.601374 0.601374
0.601848 0.601848
0.602321 0.602321
0.602795 0.602795
0.603268 0.603268
0.603741 0.603741
0.604215 0.604215
0.604688 0.604688
0.605162 0.605162
0.605635 0.605635
0.606109 0.606109
0.606582 0.606582
0.607055 0.607055
0.607529 0.607529
0.608002 0.608002
0.608476 0.608476
0.608949 0.608949
0.609423 0.609423
0.609896 0.609896
0.610369 0.610369
0.610843 0.610843
0.611316 0.611316
0.61179 0.61179
0.612263 0.612263
0.612737 0.612737
0.61321 0.61321
0.613683 0.613683
0.614157 0.614157
0.61463 0.61463
0.615104 0.615104
0.615577 0.615577
0.616051 0.616051
0.616524 0.616524
0.616997 0.616997
0.617471 0.617471
0.617944 0.617944
0.618418 0.618418
0.618891 0.618891
0.619365 0.619365
0.619838 0.619838
0.620311 0.620311
0.620785 0.620785
0.621258 0.621258
0.621732 0.621732
0.622205 0.622205
0.622679 0.622679
0.623152 0.623152
0.623625 0.623625
0.624099 0.624099
0.624572 0.624572
0.625046 0.625046
0.625519 0.625519
0.625993 0.625993
0.626466 0.626466
0.626939 0.626939
0.627413 0.627413
0.627886 0.627886
0.62836 0.62836
0.628833 0.628833
0.629307 0.629307
0.62978 0.62978
0.630253 0.630253
0.630727 0.630727
0.6312 0.6312
0.631674 0.631674
0.632147 0.632147
0.632621 0.632621
0.633094 0.633094
0.633567 0.633567
0.634041 0.634041
0.634514 0.634514
0.634988 0.634988
0.635461 0.635461
0.635935 0.635935
0.636408 0.636408
0.636881 0.636881
0.637355 0.637355
0.637828 0.637828
0.638302 0.638302
0.638775 0.638775
0.639249 0.639249
0.639722 0.639722
0.640195 0.640195
0.640669 0.640669
0.641142 0.641142
0.641616 0.641616
0.642089 0.642089
0.642563 0.642563
0.643036 0.643036
0.643509 0.643509
0.643983 0.643983
0.644456 0.644456
0.64493 0.64493
0.645403 0.645403
0.645876 0.645876
0.64635 0.64635
0.646823 0.646823
0.647297 0.647297
0.64777 0.64777
0.648244 0.648244
0.648717 0.648717
0.64919 0.64919
0.649664 0.649664
0.650137 0.650137
0.650611 0.650611
0.651084 0.651084
0.651558 0.651558
0.652031 0.652031
0.652504 0.652504
0.652978 0.652978
0.653451 0.653451
0.653925 0.653925
0.654398 0.654398
0.654872 0.654872
0.655345 0.655345
0.655818 0.655818
0.656292 0.656292
0.656765 0.656765
0.657239 0.657239
0.657712 0.657712
0.658186 0.658186
0.658659 0.658659
0.659132 0.659132
0.659606 0.659606
0.660079 0.660079
0.660553 0.660553
0.661026 0.661026
0.6615 0.6615
0.661973 0.661973
0.662446 0.662446
0.66292 0.66292
0.663393 0.663393
0.663867 0.663867
0.66434 0.66434
0.664814 0.664814
0.665287 0.665287
0.66576 0.66576
0.666234 0.666234
0.666707 0.666707
0.667181 0.667181
0.667654 0.667654
0.668128 0.668128
0.668601 0.668601
0.669074 0.669074
0.669548 0.669548
0.670021 0.670021
0.670495 0.670495
0.670968 0.670968
0.671442 0.671442
0.671915 0.671915
0.672388 0.672388
0.672862 0.672862
0.673335 0.673335
0.673809 0.673809
0.674282 0.674282
0.674756 0.674756
0.675229 0.675229
0.675702 0.675702
0.676176 0.676176
0.676649 0.676649
0.677123 0.677123
0.677596 0.677596
0.67807 0.67807
0.678543 0.678543
0.679016 0.679016
0.67949 0.67949
0.679963 0.679963
0.680437 0.680437
0.68091 0.68091
0.681384 0.681384
0.681857 0.681857
0.68233 0.68233
0.682804 0.682804
0.683277 0.683277
0.683751 0.683751
0.684224 0.684224
0.684698 0.684698
0.685171 0.685171
0.685644 0.685644
0.686118 0.686118
0.686591 0.686591
0.687065 0.687065
0.687538 0.687538
0.688012 0.688012
0.688485 0.688485
0.688958 0.688958
0.689432 0.689432
0.689905 0.689905
0.690379 0.690379
0.690852 0.690852
0.691325 0.691325
0.691799 0.691799
0.692272 0.692272
0.692746 0.692746
0.693219 0.693219
0.693693 0.693693
0.694166 0.694166
0.694639 0.694639
0.695113 0.695113
0.695586 0.695586
0.69606 0.69606
0.696533 0.696533
0.697007 0.697007
0.69748 0.69748
0.697953 0.697953
0.698427 0.698427
0.6989 0.6989
0.699374 0.699374
0.699847 0.699847
0.700321 0.700321
0.700794 0.700794
0.701267 0.701267
0.701741 0.701741
0.702214 0.702214
0.702688 0.702688
0.703161 0.703161
0.703635 0.703635
0.704108 0.704108
0.704581 0.704581
0.705055 0.705055
0.705528 0.705528
0.706002 0.706002
0.706475 0.706475
0.706949 0.706949
0.707422 0.707422
0.707895 0.707895
0.708369 0.708369
0.708842 0.708842
0.709316 0.709316
0.709789 0.709789
0.710263 0.710263
0.710736 0.710736
0.711209 0.711209
0.711683 0.711683
0.712156 0.712156
0.71263 0.71263
0.713103 0.713103
0.713577 0.713577
0.71405 0.71405
0.714523 0.714523
0.714997 0.714997
0.71547 0.71547
0.715944 0.715944
0.716417 0.716417
0.716891 0.716891
0.717364 0.717364
0.717837 0.717837
0.718311 0.718311
0.718784 0.718784
0.719258 0.719258
0.719731 0.719731
0.720205 0.720205
0.720678 0.720678
0.721151 0.721151
0.721625 0.721625
0.722098 0.722098
0.722572 0.722572
0.723045 0.723045
0.723519 0.723519
0.723992 0.723992
0.724465 0.724465
0.724939 0.724939
0.725412 0.725412
0.725886 0.725886
0.726359 0.726359
0.726833 0.726833
0.727306 0.727306
0.727779 0.727779
0.728253 0.728253
0.728726 0.728726
0.7292 0.7292
0.729673 0.729673
0.730147 0.730147
0.73062 0.73062
0.731093 0.731093
0.731567 0.731567
0.73204 0.73204
0.732514 0.732514
0.732987 0.732987
0.733461 0.733461
0.733934 0.733934
0.734407 0.734407
0.734881 0.734881
0.735354 0.735354
0.735828 0.735828
0.736301 0.736301
0.736775 0.736775
0.737248 0.737248
0.737721 0.737721
0.738195 0.738195
0.738668 0.738668
0.739142 0.739142
0.739615 0.739615
0.740088 0.740088
0.740562 0.740562
0.741035 0.741035
0.741509 0.741509
0.741982 0.741982
0.742456 0.742456
0.742929 0.742929
0.743402 0.743402
0.743876 0.743876
0.744349 0.744349
0.744823 0.744823
0.745296 0.745296
0.74577 0.74577
0.746243 0.746243
0.746716 0.746716
0.74719 0.74719
0.747663 0.747663
0.748137 0.748137
0.74861 0.74861
0.749084 0.749084
0.749557 0.749557
0.75003 0.75003
0.750504 0.750504
0.750977 0.750977
0.751451 0.751451
0.751924 0.751924
0.752398 0.752398
0.752871 0.752871
0.753344 0.753344
0.753818 0.753818
0.754291 0.754291
0.754765 0.754765
0.755238 0.755238
0.755712 0.755712
0.756185 0.756185
0.756658 0.756658
0.757132 0.757132
0.757605 0.757605
0.758079 0.758079
0.758552 0.758552
0.759026 0.759026
0.759499 0.759499
0.759972 0.759972
0.760446 0.760446
0.760919 0.760919
0.761393 0.761393
0.761866 0.761866
0.76234 0.76234
0.762813 0.762813
0.763286 0.763286
0.76376 0.76376
0.764233 0.764233
0.764707 0.764707
0.76518 0.76518
0.765654 0.765654
0.766127 0.766127
0.7666 0.7666
0.767074 0.767074
0.767547 0.767547
0.768021 0.768021
0.768494 0.768494
0.768968 0.768968
0.769441 0.769441
0.769914 0.769914
0.770388 0.770388
0.770861 0.770861
0.771335 0.771335
0.771808 0.771808
0.772282 0.772282
0.772755 0.772755
0.773228 0.773228
0.773702 0.773702
0.774175 0.774175
0.774649 0.774649
0.775122 0.775122
0.775596 0.775596
0.776069 0.776069
0.776542 0.776542
0.777016 0.777016
0.777489 0.777489
0.777963 0.777963
0.778436 0.778436
0.77891 0.77891
0.779383 0.779383
0.779856 0.779856
0.78033 0.78033
0.780803 0.780803
0.781277 0.781277
0.78175 0.78175
0.782224 0.782224
0.782697 0.782697
0.78317 0.78317
0.783644 0.783644
0.784117 0.784117
0.784591 0.784591
0.785064 0.785064
0.785538 0.785538
0.786011 0.786011
0.786484 0.786484
0.786958 0.786958
0.787431 0.787431
0.787905 0.787905
0.788378 0.788378
0.788851 0.788851
0.789325 0.789325
0.789798 0.789798
0.790272 0.790272
0.790745 0.790745
0.791219 0.791219
0.791692 0.791692
0.792165 0.792165
0.792639 0.792639
0.793112 0.793112
0.793586 0.793586
0.794059 0.794059
0.794533 0.794533
0.795006 0.795006
0.795479 0.795479
0.795953 0.795953
0.796426 0.796426
0.7969 0.7969
0.797373 0.797373
0.797847 0.797847
0.79832 0.79832
0.798793 0.798793
0.799267 0.799267
0.79974 0.79974
0.800214 0.800214
0.800687 0.800687
0.801161 0.801161
0.801634 0.801634
0.802107 0.802107
0.802581 0.802581
0.803054 0.803054
0.803528 0.803528
0.804001 0.804001
0.804475 0.804475
0.804948 0.804948
0.805421 0.805421
0.805895 0.805895
0.806368 0.806368
0.806842 0.806842
0.807315 0.807315
0.807789 0.807789
0.808262 0.808262
0.808735 0.808735
0.809209 0.809209
0.809682 0.809682
0.810156 0.810156
0.810629 0.810629
0.811103 0.811103
0.811576 0.811576
0.812049 0.812049
0.812523 0.812523
0.812996 0.812996
0.81347 0.81347
0.813943 0.813943
0.814417 0.814417
0.81489 0.81489
0.815363 0.815363
0.815837 0.815837
0.81631 0.81631
0.816784 0.816784
0.817257 0.817257
0.817731 0.817731
0.818204 0.818204
0.818677 0.818677
0.819151 0.819151
0.819624 0.819624
0.820098 0.820098
0.820571 0.820571
0.821045 0.821045
0.821518 0.821518
0.821991 0.821991
0.822465 0.822465
0.822938 0.822938
0.823412 0.823412
0.823885 0.823885
0.824359 0.824359
0.824832 0.824832
0.825305 0.825305
0.825779 0.825779
0.826252 0.826252
0.826726 0.826726
0.827199 0.827199
0.827673 0.827673
0.828146 0.828146
0.828619 0.828619
0.829093 0.829093
0.829566 0.829566
0.83004 0.83004
0.830513 0.830513
0.830987 0.830987
0.83146 0.83146
0.831933 0.831933
0.832407 0.832407
0.83288 0.83288
0.833354 0.833354
0.833827 0.833827
0.8343 0.8343
0.834774 0.834774
0.835247 0.835247
0.835721 0.835721
0.836194 0.836194
0.836668 0.836668
0.837141 0.837141
0.837614 0.837614
0.838088 0.838088
0.838561 0.838561
0.839035 0.839035
0.839508 0.839508
0.839982 0.839982
0.840455 0.840455
0.840928 0.840928
0.841402 0.841402
0.841875 0.841875
0.842349 0.842349
0.842822 0.842822
0.843296 0.843296
0.843769 0.843769
0.844242 0.844242
0.844716 0.844716
0.845189 0.845189
0.845663 0.845663
0.846136 0.846136
0.84661 0.84661
0.847083 0.847083
0.847556 0.847556
0.84803 0.84803
0.848503 0.848503
0.848977 0.848977
0.84945 0.84945
0.849924 0.849924
0.850397 0.850397
0.85087 0.85087
0.851344 0.851344
0.851817 0.851817
0.852291 0.852291
0.852764 0.852764
0.853238 0.853238
0.853711 0.853711
0.854184 0.854184
0.854658 0.854658
0.855131 0.855131
0.855605 0.855605
0.856078 0.856078
0.856552 0.856552
0.857025 0.857025
0.857498 0.857498
0.857972 0.857972
0.858445 0.858445
0.858919 0.858919
0.859392 0.859392
0.859866 0.859866
0.860339 0.860339
0.860812 0.860812
0.861286 0.861286
0.861759 0.861759
0.862233 0.862233
0.862706 0.862706
0.86318 0.86318
0.863653 0.863653
0.864126 0.864126
0.8646 0.8646
0.865073 0.865073
0.865547 0.865547
0.86602 0.86602
0.866494 0.866494
0.866967 0.866967
0.86744 0.86744
0.867914 0.867914
0.868387 0.868387
0.868861 0.868861
0.869334 0.869334
0.869808 0.869808
0.870281 0.870281
0.870754 0.870754
0.871228 0.871228
0.871701 0.871701
0.872175 0.872175
0.872648 0.872648
0.873122 0.873122
0.873595 0.873595
0.874068 0.874068
0.874542 0.874542
0.875015 0.875015
0.875489 0.875489
0.875962 0.875962
0.876436 0.876436
0.876909 0.876909
0.877382 0.877382
0.877856 0.877856
0.878329 0.878329
0.878803 0.878803
0.879276 0.879276
0.87975 0.87975
0.880223 0.880223
0.880696 0.880696
0.88117 0.88117
0.881643 0.881643
0.882117 0.882117
0.88259 0.88259
0.883063 0.883063
0.883537 0.883537
0.88401 0.88401
0.884484 0.884484
0.884957 0.884957
0.885431 0.885431
0.885904 0.885904
0.886377 0.886377
0.886851 0.886851
0.887324 0.887324
0.887798 0.887798
0.888271 0.888271
0.888745 0.888745
0.889218 0.889218
0.889691 0.889691
0.890165 0.890165
0.890638 0.890638
0.891112 0.891112
0.891585 0.891585
0.892059 0.892059
0.892532 0.892532
0.893005 0.893005
0.893479 0.893479
0.893952 0.893952
0.894426 0.894426
0.894899 0.894899
0.895373 0.895373
0.895846 0.895846
0.896319 0.896319
0.896793 0.896793
0.897266 0.897266
0.89774 0.89774
0.898213 0.898213
0.898687 0.898687
0.89916 0.89916
0.899633 0.899633
0.900107 0.900107
0.90058 0.90058
0.901054 0.901054
0.901527 0.901527
0.902001 0.902001
0.902474 0.902474
0.902947 0.902947
0.903421 0.903421
0.903894 0.903894
0.904368 0.904368
0.904841 0.904841
0.905315 0.905315
0.905788 0.905788
0.906261 0.906261
0.906735 0.906735
0.907208 0.907208
0.907682 0.907682
0.908155 0.908155
0.908629 0.908629
0.909102 0.909102
0.909575 0.909575
0.910049 0.910049
0.910522 0.910522
0.910996 0.910996
0.911469 0.911469
0.911943 0.911943
0.912416 0.912416
0.912889 0.912889
0.913363 0.913363
0.913836 0.913836
0.91431 0.91431
0.914783 0.914783
0.915257 0.915257
0.91573 0.91573
0.916203 0.916203
0.916677 0.916677
0.91715 0.91715
0.917624 0.917624
0.918097 0.918097
0.918571 0.918571
0.919044 0.919044
0.919517 0.919517
0.919991 0.919991
0.920464 0.920464
0.920938 0.920938
0.921411 0.921411
0.921885 0.921885
0.922358 0.922358
0.922831 0.922831
0.923305 0.923305
0.923778 0.923778
0.924252 0.924252
0.924725 0.924725
0.925199 0.925199
0.925672 0.925672
0.926145 0.926145
0.926619 0.926619
0.927092 0.927092
0.927566 0.927566
0.928039 0.928039
0.928513 0.928513
0.928986 0.928986
0.929459 0.929459
0.929933 0.929933
0.930406 0.930406
0.93088 0.93088
0.931353 0.931353
0.931826 0.931826
0.9323 0.9323
0.932773 0.932773
0.933247 0.933247
0.93372 0.93372
0.934194 0.934194
0.934667 0.934667
0.93514 0.93514
0.935614 0.935614
0.936087 0.936087
0.936561 0.936561
0.937034 0.937034
0.937508 0.937508
0.937981 0.937981
0.938454 0.938454
0.938928 0.938928
0.939401 0.939401
0.939875 0.939875
0.940348 0.940348
0.940822 0.940822
0.941295 0.941295
0.941768 0.941768
0.942242 0.942242
0.942715 0.942715
0.943189 0.943189
0.943662 0.943662
0.944136 0.944136
0.944609 0.944609
0.945082 0.945082
0.945556 0.945556
0.946029 0.946029
0.946503 0.946503
0.946976 0.946976
0.94745 0.94745
0.947923 0.947923
0.948396 0.948396
0.94887 0.94887
0.949343 0.949343
0.949817 0.949817
0.95029 0.95029
0.950764 0.950764
0.951237 0.951237
0.95171 0.95171
0.952184 0.952184
0.952657 0.952657
0.953131 0.953131
0.953604 0.953604
0.954078 0.954078
0.954551 0.954551
0.955024 0.955024
0.955498 0.955498
0.955971 0.955971
0.956445 0.956445
0.956918 0.956918
0.957392 0.957392
0.957865 0.957865
0.958338 0.958338
0.958812 0.958812
0.959285 0.959285
0.959759 0.959759
0.960232 0.960232
0.960706 0.960706
0.961179 0.961179
0.961652 0.961652
0.962126 0.962126
0.962599 0.962599
0.963073 0.963073
0.963546 0.963546
0.96402 0.96402
0.964493 0.964493
0.964966 0.964966
0.96544 0.96544
0.965913 0.965913
0.966387 0.966387
0.96686 0.96686
0.967334 0.967334
0.967807 0.967807
0.96828 0.96828
0.968754 0.968754
0.969227 0.969227
0.969701 0.969701
0.970174 0.970174
0.970648 0.970648
0.971121 0.971121
0.971594 0.971594
0.972068 0.972068
0.972541 0.972541
0.973015 0.973015
0.973488 0.973488
0.973962 0.973962
0.974435 0.974435
0.974908 0.974908
0.975382 0.975382
0.975855 0.975855
0.976329 0.976329
0.976802 0.976802
0.977275 0.977275
0.977749 0.977749
0.978222 0.978222
0.978696 0.978696
0.979169 0.979169
0.979643 0.979643
0.980116 0.980116
0.980589 0.980589
0.981063 0.981063
0.981536 0.981536
0.98201 0.98201
0.982483 0.982483
0.982957 0.982957
0.98343 0.98343
0.983903 0.983903
0.984377 0.984377
0.98485 0.98485
0.985324 0.985324
0.985797 0.985797
0.986271 0.986271
0.986744 0.986744
0.987217 0.987217
0.987691 0.987691
0.988164 0.988164
0.988638 0.988638
0.989111 0.989111
0.989585 0.989585
0.990058 0.990058
0.990531 0.990531
0.991005 0.991005
0.991478 0.991478
0.991952 0.991952
0.992425 0.992425
0.992899 0.992899
0.993372 0.993372
0.993845 0.993845
0.994319 0.994319
0.994792 0.994792
0.995266 0.995266
0.995739 0.995739
0.996213 0.996213
0.996686 0.996686
0.997159 0.997159
0.997633 0.997633
0.998106 0.998106
0.99858 0.99858
0.999053 0.999053
0.999527 0.999527
1 1
