0.588235 0.85
0.588235 0.849149
0.588235 0.848298
0.588235 0.847447
0.588235 0.846597
0.588235 0.845746
0.588235 0.844895
0.588235 0.844044
0.588235 0.843193
0.588235 0.842342
0.588235 0.841491
0.588235 0.840641
0.588235 0.83979
0.588235 0.838939
0.588235 0.838088
0.588235 0.837237
0.588235 0.836386
0.588235 0.835536
0.588235 0.834685
0.588235 0.833834
0.588235 0.832983
0.588235 0.832132
0.588235 0.831281
0.588235 0.83043
0.588235 0.82958
0.588235 0.828729
0.588235 0.827878
0.588235 0.827027
0.588235 0.826176
0.588235 0.825325
0.588235 0.824474
0.588235 0.823624
0.588235 0.822773
0.588235 0.821922
0.588235 0.821071
0.588235 0.82022
0.588235 0.819369
0.588235 0.818519
0.588235 0.817668
0.588235 0.816817
0.588235 0.815966
0.588235 0.815115
0.588235 0.814264
0.588235 0.813413
0.588235 0.812563
0.588235 0.811712
0.588235 0.810861
0.588235 0.81001
0.588235 0.809159
0.588235 0.808308
0.588235 0.807457
0.588235 0.806607
0.588235 0.805756
0.588235 0.804905
0.588235 0.804054
0.588235 0.803203
0.588235 0.802352
0.588235 0.801502
0.588235 0.800651
0.588235 0.7998
0.588235 0.798949
0.588235 0.798098
0.588235 0.797247
0.588235 0.796396
0.588235 0.795546
0.588235 0.794695
0.588235 0.793844
0.588235 0.792993
0.588235 0.792142
0.588235 0.791291
0.588235 0.79044
0.588235 0.78959
0.588235 0.788739
0.588235 0.787888
0.588235 0.787037
0.588235 0.786186
0.588235 0.785335
0.588235 0.784484
0.588235 0.783634
0.588235 0.782783
0.588235 0.781932
0.588235 0.781081
0.588235 0.78023
0.588235 0.779379
0.588235 0.778529
0.588235 0.777678
0.588235 0.776827
0.588235 0.775976
0.588235 0.775125
0.588235 0.774274
0.588235 0.773423
0.588235 0.772573
0.588235 0.771722
0.588235 0.770871
0.588235 0.77002
0.588235 0.769169
0.588235 0.768318
0.588235 0.767467
0.588235 0.766617
0.588235 0.765766
0.588235 0.764915
0.588235 0.764064
0.588235 0.763213
0.588235 0.762362
0.588235 0.761512
0.588235 0.760661
0.588235 0.75981
0.588235 0.758959
0.588235 0.758108
0.588235 0.757257
0.588235 0.756406
0.588235 0.755556
0.588235 0.754705
0.588235 0.753854
0.588235 0.753003
0.588235 0.752152
0.588235 0.751301
0.588235 0.75045
0.588235 0.7496
0.588235 0.748749
0.588235 0.747898
0.588235 0.747047
0.588235 0.746196
0.588235 0.745345
0.588235 0.744494
0.588235 0.743644
0.588235 0.742793
0.588235 0.741942
0.588235 0.741091
0.588235 0.74024
0.588235 0.739389
0.588235 0.738539
0.588235 0.737688
0.588235 0.736837
0.588235 0.735986
0.588235 0.735135
0.588235 0.734284
0.588235 0.733433
0.588235 0.732583
0.588235 0.731732
0.588235 0.730881
0.588235 0.73003
0.588235 0.729179
0.588235 0.728328
0.588235 0.727477
0.588235 0.726627
0.588235 0.725776
0.588235 0.724925
0.588235 0.724074
0.588235 0.723223
0.588235 0.722372
0.588235 0.721522
0.588235 0.720671
0.588235 0.71982
0.588235 0.718969
0.588235 0.718118
0.588235 0.717267
0.588235 0.716416
0.588235 0.715566
0.588235 0.714715
0.588235 0.713864
0.588235 0.713013
0.588235 0.712162
0.588235 0.711311
0.588235 0.71046
0.588235 0.70961
0.588235 0.708759
0.588235 0.707908
0.588235 0.707057
0.588235 0.706206
0.588235 0.705355
0.588235 0.704505
0.588235 0.703654
0.588235 0.702803
0.588235 0.701952
0.588235 0.701101
0.588235 0.70025
0.588235 0.699399
0.588235 0.698549
0.588235 0.697698
0.588235 0.696847
0.588235 0.695996
0.588235 0.695145
0.588235 0.694294
0.588235 0.693443
0.588235 0.692593
0.588235 0.691742
0.588235 0.690891
0.588235 0.69004
0.588235 0.689189
0.588235 0.688338
0.588235 0.687487
0.588235 0.686637
0.588235 0.685786
0.588235 0.684935
0.588235 0.684084
0.588235 0.683233
0.588235 0.682382
0.588235 0.681532
0.588235 0.680681
0.588235 0.67983
0.588235 0.678979
0.588235 0.678128
0.588235 0.677277
0.588235 0.676426
0.588235 0.675576
0.588235 0.674725
0.588235 0.673874
0.588235 0.673023
0.588235 0.672172
0.588235 0.671321
0.588235 0.67047
0.588235 0.66962
0.588235 0.668769
0.588235 0.667918
0.588235 0.667067
0.588235 0.666216
0.588235 0.665365
0.588235 0.664515
0.588235 0.663664
0.588235 0.662813
0.588235 0.661962
0.588235 0.661111
0.588235 0.66026
0.588235 0.659409
0.588235 0.658559
0.588235 0.657708
0.588235 0.656857
0.588235 0.656006
0.588235 0.655155
0.588235 0.654304
0.588235 0.653453
0.588235 0.652603
0.588235 0.651752
0.588235 0.650901
0.588235 0.65005
0.588235 0.649199
0.588235 0.648348
0.588235 0.647497
0.588235 0.646647
0.588235 0.645796
0.588235 0.644945
0.588235 0.644094
0.588235 0.643243
0.588235 0.642392
0.588235 0.641542
0.588235 0.640691
0.588235 0.63984
0.588235 0.638989
0.588235 0.638138
0.588235 0.637287
0.588235 0.636436
0.588235 0.635586
0.588235 0.634735
0.588235 0.633884
0.588235 0.633033
0.588235 0.632182
0.588235 0.631331
0.588235 0.63048
0.588235 0.62963
0.588235 0.628779
0.588235 0.627928
0.588235 0.627077
0.588235 0.626226
0.588235 0.625375
0.588235 0.624525
0.588235 0.623674
0.588235 0.622823
0.588235 0.621972
0.588235 0.621121
0.588235 0.62027
0.588235 0.619419
0.588235 0.618569
0.588235 0.617718
0.588235 0.616867
0.588235 0.616016
0.588235 0.615165
0.588235 0.614314
0.588235 0.613463
0.588235 0.612613
0.588235 0.611762
0.588235 0.610911
0.588235 0.61006
0.588235 0.609209
0.588235 0.608358
0.588235 0.607508
0.588235 0.606657
0.588235 0.605806
0.588235 0.604955
0.588235 0.604104
0.588235 0.603253
0.588235 0.602402
0.588235 0.601552
0.588235 0.600701
0.588235 0.59985
0.588235 0.598999
0.588235 0.598148
0.588235 0.597297
0.588235 0.596446
0.588235 0.595596
0.588235 0.594745
0.588235 0.593894
0.588235 0.593043
0.588235 0.592192
0.588235 0.591341
0.588235 0.59049
0.588235 0.58964
0.588235 0.588789
0.588235 0.587938
0.588235 0.587087
0.588235 0.586236
0.588235 0.585385
0.588235 0.584535
0.588235 0.583684
0.588235 0.582833
0.588235 0.581982
0.588235 0.581131
0.588235 0.58028
0.588235 0.579429
0.588235 0.578579
0.588235 0.577728
0.588235 0.576877
0.588235 0.576026
0.588235 0.575175
0.588235 0.574324
0.588235 0.573473
0.588235 0.572623
0.588235 0.571772
0.588235 0.570921
0.588235 0.57007
0.588235 0.569219
0.588235 0.568368
0.588235 0.567518
0.588235 0.566667
0.588235 0.565816
0.588235 0.564965
0.588235 0.564114
0.588235 0.563263
0.588235 0.562412
0.588235 0.561562
0.588235 0.560711
0.588235 0.55986
0.588235 0.559009
0.588235 0.558158
0.588235 0.557307
0.588235 0.556456
0.588235 0.555606
0.588235 0.554755
0.588235 0.553904
0.588235 0.553053
0.588235 0.552202
0.588235 0.551351
0.588235 0.550501
0.588235 0.54965
0.588235 0.548799
0.588235 0.547948
0.588235 0.547097
0.588235 0.546246
0.588235 0.545395
0.588235 0.544545
0.588235 0.543694
0.588235 0.542843
0.588235 0.541992
0.588235 0.541141
0.588235 0.54029
0.588235 0.539439
0.588235 0.538589
0.588235 0.537738
0.588235 0.536887
0.588235 0.536036
0.588235 0.535185
0.588235 0.534334
0.588235 0.533483
0.588235 0.532633
0.588235 0.531782
0.588235 0.530931
0.588235 0.53008
0.588235 0.529229
0.588235 0.528378
0.588235 0.527528
0.588235 0.526677
0.588235 0.525826
0.588235 0.524975
0.588235 0.524124
0.588235 0.523273
0.588235 0.522422
0.588235 0.521572
0.588235 0.520721
0.588235 0.51987
0.588235 0.519019
0.588235 0.518168
0.588235 0.517317
0.588235 0.516466
0.588235 0.515616
0.588235 0.514765
0.588235 0.513914
0.588235 0.513063
0.588235 0.512212
0.588235 0.511361
0.588235 0.510511
0.588235 0.50966
0.588235 0.508809
0.588235 0.507958
0.588235 0.507107
0.588235 0.506256
0.588235 0.505405
0.588235 0.504555
0.588235 0.503704
0.588235 0.502853
0.588235 0.502002
0.588235 0.501151
0.588235 0.5003
0.588235 0.499449
0.588235 0.498599
0.588235 0.497748
0.588235 0.496897
0.588235 0.496046
0.588235 0.495195
0.588235 0.494344
0.588235 0.493493
0.588235 0.492643
0.588235 0.491792
0.588235 0.490941
0.588235 0.49009
0.588235 0.489239
0.588235 0.488388
0.588235 0.487538
0.588235 0.486687
0.588235 0.485836
0.588235 0.484985
0.588235 0.484134
0.588235 0.483283
0.588235 0.482432
0.588235 0.481582
0.588235 0.480731
0.588235 0.47988
0.588235 0.479029
0.588235 0.478178
0.588235 0.477327
0.588235 0.476476
0.588235 0.475626
0.588235 0.474775
0.588235 0.473924
0.588235 0.473073
0.588235 0.472222
0.588235 0.471371
0.588235 0.470521
0.588235 0.46967
0.588235 0.468819
0.588235 0.467968
0.588235 0.467117
0.588235 0.466266
0.588235 0.465415
0.588235 0.464565
0.588235 0.463714
0.588235 0.462863
0.588235 0.462012
0.588235 0.461161
0.588235 0.46031
0.588235 0.459459
0.588235 0.458609
0.588235 0.457758
0.588235 0.456907
0.588235 0.456056
0.588235 0.455205
0.588235 0.454354
0.588235 0.453504
0.588235 0.452653
0.588235 0.451802
0.588235 0.450951
0.588235 0.4501
0.588235 0.449249
0.588235 0.448398
0.588235 0.447548
0.588235 0.446697
0.588235 0.445846
0.588235 0.444995
0.588235 0.444144
0.588235 0.443293
0.588235 0.442442
0.588235 0.441592
0.588235 0.440741
0.588235 0.43989
0.588235 0.439039
0.588235 0.438188
0.588235 0.437337
0.588235 0.436486
0.588235 0.435636
0.588235 0.434785
0.588235 0.433934
0.588235 0.433083
0.588235 0.432232
0.588235 0.431381
0.588235 0.430531
0.588235 0.42968
0.588235 0.428829
0.588235 0.427978
0.588235 0.427127
0.588235 0.426276
0.588235 0.425425
0.588235 0.424575
0.588235 0.423724
0.588235 0.422873
0.588235 0.422022
0.588235 0.421171
0.588235 0.42032
0.588235 0.419469
0.588235 0.418619
0.588235 0.417768
0.588235 0.416917
0.588235 0.416066
0.588235 0.415215
0.588235 0.414364
0.588235 0.413514
0.588235 0.412663
0.588235 0.411812
0.588235 0.410961
0.588235 0.41011
0.588235 0.409259
0.588235 0.408408
0.588235 0.407558
0.588235 0.406707
0.588235 0.405856
0.588235 0.405005
0.588235 0.404154
0.588235 0.403303
0.588235 0.402452
0.588235 0.401602
0.588235 0.400751
0.588235 0.3999
0.588235 0.399049
0.588235 0.398198
0.588235 0.397347
0.588235 0.396496
0.588235 0.395646
0.588235 0.394795
0.588235 0.393944
0.588235 0.393093
0.588235 0.392242
0.588235 0.391391
0.588235 0.390541
0.588235 0.38969
0.588235 0.388839
0.588235 0.387988
0.588235 0.387137
0.588235 0.386286
0.588235 0.385435
0.588235 0.384585
0.588235 0.383734
0.588235 0.382883
0.588235 0.382032
0.588235 0.381181
0.588235 0.38033
0.588235 0.379479
0.588235 0.378629
0.588235 0.377778
0.588235 0.376927
0.588235 0.376076
0.588235 0.375225
0.588235 0.374374
0.588235 0.373524
0.588235 0.372673
0.588235 0.371822
0.588235 0.370971
0.588235 0.37012
0.588235 0.369269
0.588235 0.368418
0.588235 0.367568
0.588235 0.366717
0.588235 0.365866
0.588235 0.365015
0.588235 0.364164
0.588235 0.363313
0.588235 0.362462
0.588235 0.361612
0.588235 0.360761
0.588235 0.35991
0.588235 0.359059
0.588235 0.358208
0.588235 0.357357
0.588235 0.356507
0.588235 0.355656
0.588235 0.354805
0.588235 0.353954
0.588235 0.353103
0.588235 0.352252
0.588235 0.351401
0.588235 0.350551
0.588235 0.3497
0.588235 0.348849
0.588235 0.347998
0.588235 0.347147
0.588235 0.346296
0.588235 0.345445
0.588235 0.344595
0.588235 0.343744
0.588235 0.342893
0.588235 0.342042
0.588235 0.341191
0.588235 0.34034
0.588235 0.339489
0.588235 0.338639
0.588235 0.337788
0.588235 0.336937
0.588235 0.336086
0.588235 0.335235
0.588235 0.334384
0.588235 0.333534
0.588235 0.332683
0.588235 0.331832
0.588235 0.330981
0.588235 0.33013
0.588235 0.329279
0.588235 0.328428
0.588235 0.327578
0.588235 0.326727
0.588235 0.325876
0.588235 0.325025
0.588235 0.324174
0.588235 0.323323
0.588235 0.322472
0.588235 0.321622
0.588235 0.320771
0.588235 0.31992
0.588235 0.319069
0.588235 0.318218
0.588235 0.317367
0.588235 0.316517
0.588235 0.315666
0.588235 0.314815
0.588235 0.313964
0.588235 0.313113
0.588235 0.312262
0.588235 0.311411
0.588235 0.310561
0.588235 0.30971
0.588235 0.308859
0.588235 0.308008
0.588235 0.307157
0.588235 0.306306
0.588235 0.305455
0.588235 0.304605
0.588235 0.303754
0.588235 0.302903
0.588235 0.302052
0.588235 0.301201
0.588235 0.30035
0.588235 0.299499
0.588235 0.298649
0.588235 0.297798
0.588235 0.296947
0.588235 0.296096
0.588235 0.295245
0.588235 0.294394
0.588235 0.293544
0.588235 0.292693
0.588235 0.291842
0.588235 0.290991
0.588235 0.29014
0.588235 0.289289
0.588235 0.288438
0.588235 0.287588
0.588235 0.286737
0.588235 0.285886
0.588235 0.285035
0.588235 0.284184
0.588235 0.283333
0.588235 0.282482
0.588235 0.281632
0.588235 0.280781
0.588235 0.27993
0.588235 0.279079
0.588235 0.278228
0.588235 0.277377
0.588235 0.276527
0.588235 0.275676
0.588235 0.274825
0.588235 0.273974
0.588235 0.273123
0.588235 0.272272
0.588235 0.271421
0.588235 0.270571
0.588235 0.26972
0.588235 0.268869
0.588235 0.268018
0.588235 0.267167
0.588235 0.266316
0.588235 0.265465
0.588235 0.264615
0.588235 0.263764
0.588235 0.262913
0.588235 0.262062
0.588235 0.261211
0.588235 0.26036
0.588235 0.25951
0.588235 0.258659
0.588235 0.257808
0.588235 0.256957
0.588235 0.256106
0.588235 0.255255
0.588235 0.254404
0.588235 0.253554
0.588235 0.252703
0.588235 0.251852
0.588235 0.251001
0.588235 0.25015
0.588235 0.249299
0.588235 0.248448
0.588235 0.247598
0.588235 0.246747
0.588235 0.245896
0.588235 0.245045
0.588235 0.244194
0.588235 0.243343
0.588235 0.242492
0.588235 0.241642
0.588235 0.240791
0.588235 0.23994
0.588235 0.239089
0.588235 0.238238
0.588235 0.237387
0.588235 0.236537
0.588235 0.235686
0.588235 0.234835
0.588235 0.233984
0.588235 0.233133
0.588235 0.232282
0.588235 0.231431
0.588235 0.230581
0.588235 0.22973
0.588235 0.228879
0.588235 0.228028
0.588235 0.227177
0.588235 0.226326
0.588235 0.225475
0.588235 0.224625
0.588235 0.223774
0.588235 0.222923
0.588235 0.222072
0.588235 0.221221
0.588235 0.22037
0.588235 0.21952
0.588235 0.218669
0.588235 0.217818
0.588235 0.216967
0.588235 0.216116
0.588235 0.215265
0.588235 0.214414
0.588235 0.213564
0.588235 0.212713
0.588235 0.211862
0.588235 0.211011
0.588235 0.21016
0.588235 0.209309
0.588235 0.208458
0.588235 0.207608
0.588235 0.206757
0.588235 0.205906
0.588235 0.205055
0.588235 0.204204
0.588235 0.203353
0.588235 0.202503
0.588235 0.201652
0.588235 0.200801
0.588235 0.19995
0.588235 0.199099
0.588235 0.198248
0.588235 0.197397
0.588235 0.196547
0.588235 0.195696
0.588235 0.194845
0.588235 0.193994
0.588235 0.193143
0.588235 0.192292
0.588235 0.191441
0.588235 0.190591
0.588235 0.18974
0.588235 0.188889
0.588235 0.188038
0.588235 0.187187
0.588235 0.186336
0.588235 0.185485
0.588235 0.184635
0.588235 0.183784
0.588235 0.182933
0.588235 0.182082
0.588235 0.181231
0.588235 0.18038
0.588235 0.17953
0.588235 0.178679
0.588235 0.177828
0.588235 0.176977
0.588235 0.176126
0.588235 0.175275
0.588235 0.174424
0.588235 0.173574
0.588235 0.172723
0.588235 0.171872
0.588235 0.171021
0.588235 0.17017
0.588235 0.169319
0.588235 0.168468
0.588235 0.167618
0.588235 0.166767
0.588235 0.165916
0.588235 0.165065
0.588235 0.164214
0.588235 0.163363
0.588235 0.162513
0.588235 0.161662
0.588235 0.160811
0.588235 0.15996
0.588235 0.159109
0.588235 0.158258
0.588235 0.157407
0.588235 0.156557
0.588235 0.155706
0.588235 0.154855
0.588235 0.154004
0.588235 0.153153
0.588235 0.152302
0.588235 0.151451
0.588235 0.150601
0.588235 0.14975
0.588235 0.148899
0.588235 0.148048
0.588235 0.147197
0.588235 0.146346
0.588235 0.145495
0.588235 0.144645
0.588235 0.143794
0.588235 0.142943
0.588235 0.142092
0.588235 0.141241
0.588235 0.14039
0.588235 0.13954
0.588235 0.138689
0.588235 0.137838
0.588235 0.136987
0.588235 0.136136
0.588235 0.135285
0.588235 0.134434
0.588235 0.133584
0.588235 0.132733
0.588235 0.131882
0.588235 0.131031
0.588235 0.13018
0.588235 0.129329
0.588235 0.128478
0.588235 0.127628
0.588235 0.126777
0.588235 0.125926
0.588235 0.125075
0.588235 0.124224
0.588235 0.123373
0.588235 0.122523
0.588235 0.121672
0.588235 0.120821
0.588235 0.11997
0.588235 0.119119
0.588235 0.118268
0.588235 0.117417
0.588235 0.116567
0.588235 0.115716
0.588235 0.114865
0.588235 0.114014
0.588235 0.113163
0.588235 0.112312
0.588235 0.111461
0.588235 0.110611
0.588235 0.10976
0.588235 0.108909
0.588235 0.108058
0.588235 0.107207
0.588235 0.106356
0.588235 0.105506
0.588235 0.104655
0.588235 0.103804
0.588235 0.102953
0.588235 0.102102
0.588235 0.101251
0.588235 0.1004
0.588235 0.0995495
0.588235 0.0986987
0.588235 0.0978478
0.588235 0.096997
0.588235 0.0961461
0.588235 0.0952953
0.588235 0.0944444
0.588235 0.0935936
0.588235 0.0927427
0.588235 0.0918919
0.588235 0.091041
0.588235 0.0901902
0.588235 0.0893393
0.588235 0.0884885
0.588235 0.0876376
0.588235 0.0867868
0.588235 0.0859359
0.588235 0.0850851
0.588235 0.0842342
0.588235 0.0833834
0.588235 0.0825325
0.588235 0.0816817
0.588235 0.0808308
0.588235 0.07998
0.588235 0.0791291
0.588235 0.0782783
0.588235 0.0774274
0.588235 0.0765766
0.588235 0.0757257
0.588235 0.0748749
0.588235 0.074024
0.588235 0.0731732
0.588235 0.0723223
0.588235 0.0714715
0.588235 0.0706206
0.588235 0.0697698
0.588235 0.0689189
0.588235 0.0680681
0.588235 0.0672172
0.588235 0.0663664
0.588235 0.0655155
0.588235 0.0646647
0.588235 0.0638138
0.588235 0.062963
0.588235 0.0621121
0.588235 0.0612613
0.588235 0.0604104
0.588235 0.0595596
0.588235 0.0587087
0.588235 0.0578579
0.588235 0.057007
0.588235 0.0561562
0.588235 0.0553053
0.588235 0.0544545
0.588235 0.0536036
0.588235 0.0527528
0.588235 0.0519019
0.588235 0.0510511
0.588235 0.0502002
0.588235 0.0493493
0.588235 0.0484985
0.588235 0.0476476
0.588235 0.0467968
0.588235 0.0459459
0.588235 0.0450951
0.588235 0.0442442
0.588235 0.0433934
0.588235 0.0425425
0.588235 0.0416917
0.588235 0.0408408
0.588235 0.03999
0.588235 0.0391391
0.588235 0.0382883
0.588235 0.0374374
0.588235 0.0365866
0.588235 0.0357357
0.588235 0.0348849
0.588235 0.034034
0.588235 0.0331832
0.588235 0.0323323
0.588235 0.0314815
0.588235 0.0306306
0.588235 0.0297798
0.588235 0.0289289
0.588235 0.0280781
0.588235 0.0272272
0.588235 0.0263764
0.588235 0.0255255
0.588235 0.0246747
0.588235 0.0238238
0.588235 0.022973
0.588235 0.0221221
0.588235 0.0212713
0.588235 0.0204204
0.588235 0.0195696
0.588235 0.0187187
0.588235 0.0178679
0.588235 0.017017
0.588235 0.0161662
0.588235 0.0153153
0.588235 0.0144645
0.588235 0.0136136
0.588235 0.0127628
0.588235 0.0119119
0.588235 0.0110611
0.588235 0.0102102
0.588235 0.00935936
0.588235 0.00850851
0.588235 0.00765766
0.588235 0.00680681
0.588235 0.00595596
0.588235 0.00510511
0.588235 0.00425425
0.588235 0.0034034
0.588235 0.00255255
0.588235 0.0017017
0.588235 0.000850851
0.588235 0
