0.5 1
0.500215 0.999571
0.500429 0.999143
0.500644 0.998715
0.500858 0.998287
0.501073 0.99786
0.501287 0.997433
0.501502 0.997006
0.501716 0.99658
0.501931 0.996154
0.502145 0.995728
0.50236 0.995303
0.502574 0.994878
0.502789 0.994454
0.503003 0.99403
0.503218 0.993606
0.503432 0.993183
0.503647 0.99276
0.503861 0.992337
0.504076 0.991915
0.50429 0.991493
0.504505 0.991071
0.504719 0.99065
0.504934 0.990229
0.505148 0.989809
0.505363 0.989389
0.505577 0.988969
0.505792 0.98855
0.506006 0.988131
0.506221 0.987712
0.506435 0.987294
0.50665 0.986876
0.506864 0.986458
0.507079 0.986041
0.507293 0.985624
0.507508 0.985207
0.507722 0.984791
0.507937 0.984375
0.508151 0.983959
0.508366 0.983544
0.50858 0.983129
0.508795 0.982715
0.509009 0.982301
0.509224 0.981887
0.509438 0.981474
0.509653 0.981061
0.509867 0.980648
0.510082 0.980235
0.510296 0.979823
0.510511 0.979412
0.510725 0.979
0.51094 0.978589
0.511154 0.978179
0.511369 0.977768
0.511583 0.977358
0.511798 0.976949
0.512012 0.97654
0.512227 0.976131
0.512441 0.975722
0.512656 0.975314
0.51287 0.974906
0.513085 0.974498
0.513299 0.974091
0.513514 0.973684
0.513728 0.973278
0.513943 0.972871
0.514157 0.972466
0.514372 0.97206
0.514586 0.971655
0.514801 0.97125
0.515015 0.970845
0.51523 0.970441
0.515444 0.970037
0.515659 0.969634
0.515873 0.969231
0.516088 0.968828
0.516302 0.968425
0.516517 0.968023
0.516731 0.967621
0.516946 0.96722
0.51716 0.966819
0.517375 0.966418
0.517589 0.966017
0.517804 0.965617
0.518018 0.965217
0.518233 0.964818
0.518447 0.964419
0.518662 0.96402
0.518876 0.963621
0.519091 0.963223
0.519305 0.962825
0.51952 0.962428
0.519734 0.962031
0.519949 0.961634
0.520163 0.961237
0.520378 0.960841
0.520592 0.960445
0.520807 0.960049
0.521021 0.959654
0.521236 0.959259
0.52145 0.958865
0.521665 0.95847
0.521879 0.958076
0.522094 0.957683
0.522308 0.95729
0.522523 0.956897
0.522737 0.956504
0.522952 0.956112
0.523166 0.95572
0.523381 0.955328
0.523595 0.954937
0.52381 0.954545
0.524024 0.954155
0.524239 0.953764
0.524453 0.953374
0.524668 0.952984
0.524882 0.952595
0.525097 0.952206
0.525311 0.951817
0.525526 0.951429
0.52574 0.95104
0.525955 0.950653
0.526169 0.950265
0.526384 0.949878
0.526598 0.949491
0.526813 0.949104
0.527027 0.948718
0.527242 0.948332
0.527456 0.947946
0.527671 0.947561
0.527885 0.947176
0.5281 0.946791
0.528314 0.946407
0.528529 0.946023
0.528743 0.945639
0.528958 0.945255
0.529172 0.944872
0.529387 0.944489
0.529601 0.944107
0.529816 0.943725
0.53003 0.943343
0.530245 0.942961
0.530459 0.94258
0.530674 0.942199
0.530888 0.941818
0.531103 0.941438
0.531317 0.941058
0.531532 0.940678
0.531746 0.940299
0.531961 0.939919
0.532175 0.939541
0.53239 0.939162
0.532604 0.938784
0.532819 0.938406
0.533033 0.938028
0.533248 0.937651
0.533462 0.937274
0.533677 0.936897
0.533891 0.936521
0.534106 0.936145
0.53432 0.935769
0.534535 0.935393
0.534749 0.935018
0.534964 0.934643
0.535178 0.934269
0.535393 0.933894
0.535607 0.93352
0.535822 0.933147
0.536036 0.932773
0.536251 0.9324
0.536465 0.932027
0.53668 0.931655
0.536894 0.931282
0.537109 0.930911
0.537323 0.930539
0.537538 0.930168
0.537752 0.929797
0.537967 0.929426
0.538181 0.929055
0.538396 0.928685
0.53861 0.928315
0.538825 0.927946
0.539039 0.927577
0.539254 0.927208
0.539468 0.926839
0.539683 0.926471
0.539897 0.926103
0.540112 0.925735
0.540326 0.925367
0.540541 0.925
0.540755 0.924633
0.54097 0.924266
0.541184 0.9239
0.541399 0.923534
0.541613 0.923168
0.541828 0.922803
0.542042 0.922438
0.542257 0.922073
0.542471 0.921708
0.542686 0.921344
0.5429 0.92098
0.543115 0.920616
0.543329 0.920253
0.543544 0.91989
0.543758 0.919527
0.543973 0.919164
0.544187 0.918802
0.544402 0.91844
0.544616 0.918078
0.544831 0.917717
0.545045 0.917355
0.54526 0.916994
0.545474 0.916634
0.545689 0.916274
0.545903 0.915914
0.546118 0.915554
0.546332 0.915194
0.546547 0.914835
0.546761 0.914476
0.546976 0.914118
0.54719 0.913759
0.547405 0.913401
0.547619 0.913043
0.547834 0.912686
0.548048 0.912329
0.548263 0.911972
0.548477 0.911615
0.548692 0.911259
0.548906 0.910903
0.549121 0.910547
0.549335 0.910191
0.54955 0.909836
0.549764 0.909481
0.549979 0.909126
0.550193 0.908772
0.550408 0.908418
0.550622 0.908064
0.550837 0.90771
0.551051 0.907357
0.551266 0.907004
0.55148 0.906651
0.551695 0.906299
0.551909 0.905946
0.552124 0.905594
0.552338 0.905243
0.552553 0.904891
0.552767 0.90454
0.552982 0.904189
0.553196 0.903839
0.553411 0.903488
0.553625 0.903138
0.55384 0.902789
0.554054 0.902439
0.554269 0.90209
0.554483 0.901741
0.554698 0.901392
0.554912 0.901044
0.555127 0.900696
0.555341 0.900348
0.555556 0.9
0.55577 0.899653
0.555985 0.899306
0.556199 0.898959
0.556414 0.898612
0.556628 0.898266
0.556843 0.89792
0.557057 0.897574
0.557272 0.897229
0.557486 0.896883
0.557701 0.896538
0.557915 0.896194
0.55813 0.895849
0.558344 0.895505
0.558559 0.895161
0.558773 0.894818
0.558988 0.894474
0.559202 0.894131
0.559417 0.893788
0.559631 0.893446
0.559846 0.893103
0.56006 0.892761
0.560275 0.89242
0.560489 0.892078
0.560704 0.891737
0.560918 0.891396
0.561133 0.891055
0.561347 0.890715
0.561562 0.890374
0.561776 0.890034
0.561991 0.889695
0.562205 0.889355
0.56242 0.889016
0.562634 0.888677
0.562849 0.888338
0.563063 0.888
0.563278 0.887662
0.563492 0.887324
0.563707 0.886986
0.563921 0.886649
0.564136 0.886312
0.56435 0.885975
0.564565 0.885638
0.564779 0.885302
0.564994 0.884966
0.565208 0.88463
0.565423 0.884294
0.565637 0.883959
0.565852 0.883624
0.566066 0.883289
0.566281 0.882955
0.566495 0.88262
0.56671 0.882286
0.566924 0.881952
0.567139 0.881619
0.567353 0.881285
0.567568 0.880952
0.567782 0.88062
0.567997 0.880287
0.568211 0.879955
0.568426 0.879623
0.56864 0.879291
0.568855 0.878959
0.569069 0.878628
0.569284 0.878297
0.569498 0.877966
0.569713 0.877636
0.569927 0.877305
0.570142 0.876975
0.570356 0.876645
0.570571 0.876316
0.570785 0.875986
0.571 0.875657
0.571214 0.875329
0.571429 0.875
0.571643 0.874672
0.571858 0.874344
0.572072 0.874016
0.572287 0.873688
0.572501 0.873361
0.572716 0.873034
0.57293 0.872707
0.573145 0.87238
0.573359 0.872054
0.573574 0.871728
0.573788 0.871402
0.574003 0.871076
0.574217 0.870751
0.574432 0.870426
0.574646 0.870101
0.574861 0.869776
0.575075 0.869452
0.57529 0.869128
0.575504 0.868804
0.575719 0.86848
0.575933 0.868156
0.576148 0.867833
0.576362 0.86751
0.576577 0.867188
0.576791 0.866865
0.577006 0.866543
0.57722 0.866221
0.577435 0.865899
0.577649 0.865577
0.577864 0.865256
0.578078 0.864935
0.578293 0.864614
0.578507 0.864294
0.578722 0.863973
0.578936 0.863653
0.579151 0.863333
0.579365 0.863014
0.57958 0.862694
0.579794 0.862375
0.580009 0.862056
0.580223 0.861738
0.580438 0.861419
0.580652 0.861101
0.580867 0.860783
0.581081 0.860465
0.581296 0.860148
0.58151 0.85983
0.581725 0.859513
0.581939 0.859196
0.582154 0.85888
0.582368 0.858564
0.582583 0.858247
0.582797 0.857932
0.583012 0.857616
0.583226 0.8573
0.583441 0.856985
0.583655 0.85667
0.58387 0.856356
0.584084 0.856041
0.584299 0.855727
0.584513 0.855413
0.584728 0.855099
0.584942 0.854785
0.585157 0.854472
0.585371 0.854159
0.585586 0.853846
0.5858 0.853534
0.586015 0.853221
0.586229 0.852909
0.586444 0.852597
0.586658 0.852285
0.586873 0.851974
0.587087 0.851662
0.587302 0.851351
0.587516 0.851041
0.587731 0.85073
0.587945 0.85042
0.58816 0.850109
0.588374 0.849799
0.588589 0.84949
0.588803 0.84918
0.589018 0.848871
0.589232 0.848562
0.589447 0.848253
0.589661 0.847945
0.589876 0.847636
0.59009 0.847328
0.590305 0.84702
0.590519 0.846713
0.590734 0.846405
0.590948 0.846098
0.591163 0.845791
0.591377 0.845484
0.591592 0.845178
0.591806 0.844871
0.592021 0.844565
0.592235 0.844259
0.59245 0.843954
0.592664 0.843648
0.592879 0.843343
0.593093 0.843038
0.593308 0.842733
0.593522 0.842429
0.593737 0.842124
0.593951 0.84182
0.594166 0.841516
0.59438 0.841213
0.594595 0.840909
0.594809 0.840606
0.595024 0.840303
0.595238 0.84
0.595453 0.839697
0.595667 0.839395
0.595882 0.839093
0.596096 0.838791
0.596311 0.838489
0.596525 0.838188
0.59674 0.837886
0.596954 0.837585
0.597169 0.837284
0.597383 0.836984
0.597598 0.836683
0.597812 0.836383
0.598027 0.836083
0.598241 0.835783
0.598456 0.835484
0.59867 0.835185
0.598885 0.834885
0.599099 0.834586
0.599314 0.834288
0.599528 0.833989
0.599743 0.833691
0.599957 0.833393
0.600172 0.833095
0.600386 0.832797
0.600601 0.8325
0.600815 0.832203
0.60103 0.831906
0.601244 0.831609
0.601459 0.831312
0.601673 0.831016
0.601888 0.83072
0.602102 0.830424
0.602317 0.830128
0.602531 0.829833
0.602746 0.829537
0.60296 0.829242
0.603175 0.828947
0.603389 0.828653
0.603604 0.828358
0.603818 0.828064
0.604033 0.82777
0.604247 0.827476
0.604462 0.827182
0.604676 0.826889
0.604891 0.826596
0.605105 0.826303
0.60532 0.82601
0.605534 0.825717
0.605749 0.825425
0.605963 0.825133
0.606178 0.824841
0.606392 0.824549
0.606607 0.824257
0.606821 0.823966
0.607036 0.823675
0.60725 0.823384
0.607465 0.823093
0.607679 0.822803
0.607894 0.822512
0.608108 0.822222
0.608323 0.821932
0.608537 0.821643
0.608752 0.821353
0.608966 0.821064
0.609181 0.820775
0.609395 0.820486
0.60961 0.820197
0.609824 0.819909
0.610039 0.81962
0.610253 0.819332
0.610468 0.819044
0.610682 0.818757
0.610897 0.818469
0.611111 0.818182
0.611326 0.817895
0.61154 0.817608
0.611755 0.817321
0.611969 0.817035
0.612184 0.816748
0.612398 0.816462
0.612613 0.816176
0.612827 0.815891
0.613042 0.815605
0.613256 0.81532
0.613471 0.815035
0.613685 0.81475
0.6139 0.814465
0.614114 0.814181
0.614329 0.813897
0.614543 0.813613
0.614758 0.813329
0.614972 0.813045
0.615187 0.812762
0.615401 0.812478
0.615616 0.812195
0.61583 0.811912
0.616045 0.81163
0.616259 0.811347
0.616474 0.811065
0.616688 0.810783
0.616903 0.810501
0.617117 0.810219
0.617332 0.809937
0.617546 0.809656
0.617761 0.809375
0.617975 0.809094
0.61819 0.808813
0.618404 0.808533
0.618619 0.808252
0.618833 0.807972
0.619048 0.807692
0.619262 0.807413
0.619477 0.807133
0.619691 0.806854
0.619906 0.806574
0.62012 0.806295
0.620335 0.806017
0.620549 0.805738
0.620764 0.80546
0.620978 0.805181
0.621193 0.804903
0.621407 0.804625
0.621622 0.804348
0.621836 0.80407
0.622051 0.803793
0.622265 0.803516
0.62248 0.803239
0.622694 0.802962
0.622909 0.802686
0.623123 0.80241
0.623338 0.802134
0.623552 0.801858
0.623767 0.801582
0.623981 0.801306
0.624196 0.801031
0.62441 0.800756
0.624625 0.800481
0.624839 0.800206
0.625054 0.799931
0.625268 0.799657
0.625483 0.799383
0.625697 0.799109
0.625912 0.798835
0.626126 0.798561
0.626341 0.798288
0.626555 0.798014
0.62677 0.797741
0.626984 0.797468
0.627199 0.797196
0.627413 0.796923
0.627628 0.796651
0.627842 0.796379
0.628057 0.796107
0.628271 0.795835
0.628486 0.795563
0.6287 0.795292
0.628915 0.79502
0.629129 0.794749
0.629344 0.794479
0.629558 0.794208
0.629773 0.793937
0.629987 0.793667
0.630202 0.793397
0.630416 0.793127
0.630631 0.792857
0.630845 0.792588
0.63106 0.792318
0.631274 0.792049
0.631489 0.79178
0.631703 0.791511
0.631918 0.791242
0.632132 0.790974
0.632347 0.790706
0.632561 0.790437
0.632776 0.790169
0.63299 0.789902
0.633205 0.789634
0.633419 0.789367
0.633634 0.7891
0.633848 0.788832
0.634063 0.788566
0.634277 0.788299
0.634492 0.788032
0.634706 0.787766
0.634921 0.7875
0.635135 0.787234
0.63535 0.786968
0.635564 0.786703
0.635779 0.786437
0.635993 0.786172
0.636208 0.785907
0.636422 0.785642
0.636637 0.785377
0.636851 0.785113
0.637066 0.784848
0.63728 0.784584
0.637495 0.78432
0.637709 0.784057
0.637924 0.783793
0.638138 0.783529
0.638353 0.783266
0.638567 0.783003
0.638782 0.78274
0.638996 0.782477
0.639211 0.782215
0.639425 0.781952
0.63964 0.78169
0.639854 0.781428
0.640069 0.781166
0.640283 0.780905
0.640498 0.780643
0.640712 0.780382
0.640927 0.78012
0.641141 0.779859
0.641356 0.779599
0.64157 0.779338
0.641785 0.779078
0.641999 0.778817
0.642214 0.778557
0.642428 0.778297
0.642643 0.778037
0.642857 0.777778
0.643072 0.777518
0.643286 0.777259
0.643501 0.777
0.643715 0.776741
0.64393 0.776482
0.644144 0.776224
0.644359 0.775965
0.644573 0.775707
0.644788 0.775449
0.645002 0.775191
0.645217 0.774934
0.645431 0.774676
0.645646 0.774419
0.64586 0.774161
0.646075 0.773904
0.646289 0.773648
0.646504 0.773391
0.646718 0.773134
0.646933 0.772878
0.647147 0.772622
0.647362 0.772366
0.647576 0.77211
0.647791 0.771854
0.648005 0.771599
0.64822 0.771343
0.648434 0.771088
0.648649 0.770833
0.648863 0.770579
0.649078 0.770324
0.649292 0.770069
0.649507 0.769815
0.649721 0.769561
0.649936 0.769307
0.65015 0.769053
0.650365 0.768799
0.650579 0.768546
0.650794 0.768293
0.651008 0.76804
0.651223 0.767787
0.651437 0.767534
0.651652 0.767281
0.651866 0.767029
0.652081 0.766776
0.652295 0.766524
0.65251 0.766272
0.652724 0.76602
0.652939 0.765769
0.653153 0.765517
0.653368 0.765266
0.653582 0.765015
0.653797 0.764764
0.654011 0.764513
0.654226 0.764262
0.65444 0.764012
0.654655 0.763761
0.654869 0.763511
0.655084 0.763261
0.655298 0.763011
0.655513 0.762762
0.655727 0.762512
0.655942 0.762263
0.656156 0.762014
0.656371 0.761765
0.656585 0.761516
0.6568 0.761267
0.657014 0.761019
0.657229 0.76077
0.657443 0.760522
0.657658 0.760274
0.657872 0.760026
0.658087 0.759778
0.658301 0.759531
0.658516 0.759283
0.65873 0.759036
0.658945 0.758789
0.659159 0.758542
0.659374 0.758295
0.659588 0.758049
0.659803 0.757802
0.660017 0.757556
0.660232 0.75731
0.660446 0.757064
0.660661 0.756818
0.660875 0.756573
0.66109 0.756327
0.661304 0.756082
0.661519 0.755837
0.661733 0.755592
0.661948 0.755347
0.662162 0.755102
0.662377 0.754858
0.662591 0.754613
0.662806 0.754369
0.66302 0.754125
0.663235 0.753881
0.663449 0.753637
0.663664 0.753394
0.663878 0.75315
0.664093 0.752907
0.664307 0.752664
0.664522 0.752421
0.664736 0.752178
0.664951 0.751935
0.665165 0.751693
0.66538 0.751451
0.665594 0.751209
0.665809 0.750966
0.666023 0.750725
0.666238 0.750483
0.666452 0.750241
0.666667 0.75
0.666881 0.749759
0.667096 0.749518
0.66731 0.749277
0.667525 0.749036
0.667739 0.748795
0.667954 0.748555
0.668168 0.748315
0.668383 0.748074
0.668597 0.747834
0.668812 0.747595
0.669026 0.747355
0.669241 0.747115
0.669455 0.746876
0.66967 0.746637
0.669884 0.746398
0.670099 0.746159
0.670313 0.74592
0.670528 0.745681
0.670742 0.745443
0.670957 0.745205
0.671171 0.744966
0.671386 0.744728
0.6716 0.744491
0.671815 0.744253
0.672029 0.744015
0.672244 0.743778
0.672458 0.743541
0.672673 0.743304
0.672887 0.743067
0.673102 0.74283
0.673316 0.742593
0.673531 0.742357
0.673745 0.74212
0.67396 0.741884
0.674174 0.741648
0.674389 0.741412
0.674603 0.741176
0.674818 0.740941
0.675032 0.740705
0.675247 0.74047
0.675461 0.740235
0.675676 0.74
0.67589 0.739765
0.676105 0.73953
0.676319 0.739296
0.676534 0.739062
0.676748 0.738827
0.676963 0.738593
0.677177 0.738359
0.677392 0.738125
0.677606 0.737892
0.677821 0.737658
0.678035 0.737425
0.67825 0.737192
0.678464 0.736959
0.678679 0.736726
0.678893 0.736493
0.679108 0.73626
0.679322 0.736028
0.679537 0.735795
0.679751 0.735563
0.679966 0.735331
0.68018 0.735099
0.680395 0.734868
0.680609 0.734636
0.680824 0.734405
0.681038 0.734173
0.681253 0.733942
0.681467 0.733711
0.681682 0.73348
0.681896 0.733249
0.682111 0.733019
0.682325 0.732788
0.68254 0.732558
0.682754 0.732328
0.682969 0.732098
0.683183 0.731868
0.683398 0.731638
0.683612 0.731409
0.683827 0.731179
0.684041 0.73095
0.684256 0.730721
0.68447 0.730492
0.684685 0.730263
0.684899 0.730034
0.685114 0.729806
0.685328 0.729577
0.685543 0.729349
0.685757 0.729121
0.685972 0.728893
0.686186 0.728665
0.686401 0.728437
0.686615 0.72821
0.68683 0.727983
0.687044 0.727755
0.687259 0.727528
0.687473 0.727301
0.687688 0.727074
0.687902 0.726848
0.688117 0.726621
0.688331 0.726395
0.688546 0.726168
0.68876 0.725942
0.688975 0.725716
0.689189 0.72549
0.689404 0.725264
0.689618 0.725039
0.689833 0.724813
0.690047 0.724588
0.690262 0.724363
0.690476 0.724138
0.690691 0.723913
0.690905 0.723688
0.69112 0.723464
0.691334 0.723239
0.691549 0.723015
0.691763 0.722791
0.691978 0.722567
0.692192 0.722343
0.692407 0.722119
0.692621 0.721895
0.692836 0.721672
0.69305 0.721448
0.693265 0.721225
0.693479 0.721002
0.693694 0.720779
0.693908 0.720556
0.694123 0.720334
0.694337 0.720111
0.694552 0.719889
0.694766 0.719667
0.694981 0.719444
0.695195 0.719222
0.69541 0.719001
0.695624 0.718779
0.695839 0.718557
0.696053 0.718336
0.696268 0.718115
0.696482 0.717893
0.696697 0.717672
0.696911 0.717452
0.697126 0.717231
0.69734 0.71701
0.697555 0.71679
0.697769 0.716569
0.697984 0.716349
0.698198 0.716129
0.698413 0.715909
0.698627 0.715689
0.698842 0.71547
0.699056 0.71525
0.699271 0.715031
0.699485 0.714811
0.6997 0.714592
0.699914 0.714373
0.700129 0.714154
0.700343 0.713936
0.700558 0.713717
0.700772 0.713499
0.700987 0.71328
0.701201 0.713062
0.701416 0.712844
0.70163 0.712626
0.701845 0.712408
0.702059 0.712191
0.702274 0.711973
0.702488 0.711756
0.702703 0.711538
0.702917 0.711321
0.703132 0.711104
0.703346 0.710887
0.703561 0.710671
0.703775 0.710454
0.70399 0.710238
0.704204 0.710021
0.704419 0.709805
0.704633 0.709589
0.704848 0.709373
0.705062 0.709157
0.705277 0.708942
0.705491 0.708726
0.705706 0.708511
0.70592 0.708295
0.706135 0.70808
0.706349 0.707865
0.706564 0.70765
0.706778 0.707436
0.706993 0.707221
0.707207 0.707006
0.707422 0.706792
0.707636 0.706578
0.707851 0.706364
0.708065 0.70615
0.70828 0.705936
0.708494 0.705722
0.708709 0.705508
0.708923 0.705295
0.709138 0.705082
0.709352 0.704868
0.709567 0.704655
0.709781 0.704442
0.709996 0.70423
0.71021 0.704017
0.710425 0.703804
0.710639 0.703592
0.710854 0.70338
0.711068 0.703167
0.711283 0.702955
0.711497 0.702743
0.711712 0.702532
0.711926 0.70232
0.712141 0.702108
0.712355 0.701897
0.71257 0.701686
0.712784 0.701475
0.712999 0.701264
0.713213 0.701053
0.713428 0.700842
0.713642 0.700631
0.713857 0.700421
0.714071 0.70021
0.714286 0.7
