0.5 1
0.500334 0.999333
0.500667 0.998667
0.501001 0.998002
0.501335 0.997338
0.501668 0.996674
0.502002 0.996012
0.502336 0.99535
0.502669 0.99469
0.503003 0.99403
0.503337 0.993371
0.50367 0.992713
0.504004 0.992056
0.504338 0.991399
0.504671 0.990744
0.505005 0.990089
0.505339 0.989435
0.505672 0.988783
0.506006 0.988131
0.50634 0.987479
0.506673 0.986829
0.507007 0.98618
0.507341 0.985531
0.507674 0.984883
0.508008 0.984236
0.508342 0.98359
0.508675 0.982945
0.509009 0.982301
0.509343 0.981657
0.509676 0.981015
0.51001 0.980373
0.510344 0.979732
0.510677 0.979092
0.511011 0.978452
0.511345 0.977814
0.511678 0.977176
0.512012 0.97654
0.512346 0.975904
0.512679 0.975268
0.513013 0.974634
0.513347 0.974001
0.51368 0.973368
0.514014 0.972736
0.514348 0.972105
0.514681 0.971475
0.515015 0.970845
0.515349 0.970217
0.515682 0.969589
0.516016 0.968962
0.51635 0.968336
0.516683 0.967711
0.517017 0.967086
0.517351 0.966462
0.517684 0.96584
0.518018 0.965217
0.518352 0.964596
0.518685 0.963976
0.519019 0.963356
0.519353 0.962737
0.519686 0.962119
0.52002 0.961501
0.520354 0.960885
0.520687 0.960269
0.521021 0.959654
0.521355 0.95904
0.521688 0.958427
0.522022 0.957814
0.522356 0.957202
0.522689 0.956591
0.523023 0.955981
0.523357 0.955371
0.52369 0.954763
0.524024 0.954155
0.524358 0.953548
0.524691 0.952941
0.525025 0.952336
0.525359 0.951731
0.525692 0.951127
0.526026 0.950523
0.52636 0.949921
0.526693 0.949319
0.527027 0.948718
0.527361 0.948118
0.527694 0.947518
0.528028 0.946919
0.528362 0.946321
0.528695 0.945724
0.529029 0.945128
0.529363 0.944532
0.529696 0.943937
0.53003 0.943343
0.530364 0.942749
0.530697 0.942157
0.531031 0.941565
0.531365 0.940973
0.531698 0.940383
0.532032 0.939793
0.532366 0.939204
0.532699 0.938616
0.533033 0.938028
0.533367 0.937441
0.5337 0.936855
0.534034 0.93627
0.534368 0.935685
0.534701 0.935101
0.535035 0.934518
0.535369 0.933936
0.535702 0.933354
0.536036 0.932773
0.53637 0.932193
0.536703 0.931613
0.537037 0.931034
0.537371 0.930456
0.537704 0.929879
0.538038 0.929302
0.538372 0.928726
0.538705 0.928151
0.539039 0.927577
0.539373 0.927003
0.539706 0.92643
0.54004 0.925857
0.540374 0.925286
0.540707 0.924715
0.541041 0.924144
0.541375 0.923575
0.541708 0.923006
0.542042 0.922438
0.542376 0.92187
0.542709 0.921303
0.543043 0.920737
0.543377 0.920172
0.54371 0.919607
0.544044 0.919043
0.544378 0.91848
0.544711 0.917917
0.545045 0.917355
0.545379 0.916794
0.545712 0.916234
0.546046 0.915674
0.54638 0.915115
0.546713 0.914556
0.547047 0.913998
0.547381 0.913441
0.547714 0.912885
0.548048 0.912329
0.548382 0.911774
0.548715 0.911219
0.549049 0.910665
0.549383 0.910112
0.549716 0.90956
0.55005 0.909008
0.550384 0.908457
0.550717 0.907907
0.551051 0.907357
0.551385 0.906808
0.551718 0.906259
0.552052 0.905712
0.552386 0.905165
0.552719 0.904618
0.553053 0.904072
0.553387 0.903527
0.55372 0.902983
0.554054 0.902439
0.554388 0.901896
0.554721 0.901353
0.555055 0.900812
0.555389 0.90027
0.555722 0.89973
0.556056 0.89919
0.55639 0.898651
0.556723 0.898112
0.557057 0.897574
0.557391 0.897037
0.557724 0.8965
0.558058 0.895964
0.558392 0.895429
0.558725 0.894894
0.559059 0.89436
0.559393 0.893826
0.559726 0.893294
0.56006 0.892761
0.560394 0.89223
0.560727 0.891699
0.561061 0.891169
0.561395 0.890639
0.561728 0.89011
0.562062 0.889581
0.562396 0.889054
0.562729 0.888527
0.563063 0.888
0.563397 0.887474
0.56373 0.886949
0.564064 0.886424
0.564398 0.8859
0.564731 0.885377
0.565065 0.884854
0.565399 0.884332
0.565732 0.88381
0.566066 0.883289
0.5664 0.882769
0.566733 0.882249
0.567067 0.88173
0.567401 0.881211
0.567734 0.880694
0.568068 0.880176
0.568402 0.87966
0.568735 0.879143
0.569069 0.878628
0.569403 0.878113
0.569736 0.877599
0.57007 0.877085
0.570404 0.876572
0.570737 0.87606
0.571071 0.875548
0.571405 0.875036
0.571738 0.874526
0.572072 0.874016
0.572406 0.873506
0.572739 0.872997
0.573073 0.872489
0.573407 0.871981
0.57374 0.871474
0.574074 0.870968
0.574408 0.870462
0.574741 0.869956
0.575075 0.869452
0.575409 0.868948
0.575742 0.868444
0.576076 0.867941
0.57641 0.867438
0.576743 0.866937
0.577077 0.866435
0.577411 0.865935
0.577744 0.865435
0.578078 0.864935
0.578412 0.864436
0.578745 0.863938
0.579079 0.86344
0.579413 0.862943
0.579746 0.862446
0.58008 0.86195
0.580414 0.861454
0.580747 0.860959
0.581081 0.860465
0.581415 0.859971
0.581748 0.859478
0.582082 0.858985
0.582416 0.858493
0.582749 0.858002
0.583083 0.857511
0.583417 0.85702
0.58375 0.85653
0.584084 0.856041
0.584418 0.855552
0.584751 0.855064
0.585085 0.854577
0.585419 0.854089
0.585752 0.853603
0.586086 0.853117
0.58642 0.852632
0.586753 0.852147
0.587087 0.851662
0.587421 0.851179
0.587754 0.850695
0.588088 0.850213
0.588422 0.849731
0.588755 0.849249
0.589089 0.848768
0.589423 0.848288
0.589756 0.847808
0.59009 0.847328
0.590424 0.846849
0.590757 0.846371
0.591091 0.845893
0.591425 0.845416
0.591758 0.844939
0.592092 0.844463
0.592426 0.843988
0.592759 0.843513
0.593093 0.843038
0.593427 0.842564
0.59376 0.84209
0.594094 0.841618
0.594428 0.841145
0.594761 0.840673
0.595095 0.840202
0.595429 0.839731
0.595762 0.839261
0.596096 0.838791
0.59643 0.838322
0.596763 0.837853
0.597097 0.837385
0.597431 0.836917
0.597764 0.83645
0.598098 0.835983
0.598432 0.835517
0.598765 0.835052
0.599099 0.834586
0.599433 0.834122
0.599766 0.833658
0.6001 0.833194
0.600434 0.832731
0.600767 0.832269
0.601101 0.831807
0.601435 0.831345
0.601768 0.830884
0.602102 0.830424
0.602436 0.829964
0.602769 0.829505
0.603103 0.829046
0.603437 0.828587
0.60377 0.828129
0.604104 0.827672
0.604438 0.827215
0.604771 0.826759
0.605105 0.826303
0.605439 0.825847
0.605772 0.825392
0.606106 0.824938
0.60644 0.824484
0.606773 0.824031
0.607107 0.823578
0.607441 0.823126
0.607774 0.822674
0.608108 0.822222
0.608442 0.821771
0.608775 0.821321
0.609109 0.820871
0.609443 0.820422
0.609776 0.819973
0.61011 0.819524
0.610444 0.819076
0.610777 0.818629
0.611111 0.818182
0.611445 0.817735
0.611778 0.817289
0.612112 0.816844
0.612446 0.816399
0.612779 0.815954
0.613113 0.81551
0.613447 0.815067
0.61378 0.814624
0.614114 0.814181
0.614448 0.813739
0.614781 0.813297
0.615115 0.812856
0.615449 0.812415
0.615782 0.811975
0.616116 0.811535
0.61645 0.811096
0.616783 0.810657
0.617117 0.810219
0.617451 0.809781
0.617784 0.809344
0.618118 0.808907
0.618452 0.80847
0.618785 0.808035
0.619119 0.807599
0.619453 0.807164
0.619786 0.806729
0.62012 0.806295
0.620454 0.805862
0.620787 0.805429
0.621121 0.804996
0.621455 0.804564
0.621788 0.804132
0.622122 0.803701
0.622456 0.80327
0.622789 0.80284
0.623123 0.80241
0.623457 0.80198
0.62379 0.801551
0.624124 0.801123
0.624458 0.800695
0.624791 0.800267
0.625125 0.79984
0.625459 0.799413
0.625792 0.798987
0.626126 0.798561
0.62646 0.798136
0.626793 0.797711
0.627127 0.797287
0.627461 0.796863
0.627794 0.796439
0.628128 0.796016
0.628462 0.795593
0.628795 0.795171
0.629129 0.794749
0.629463 0.794328
0.629796 0.793907
0.63013 0.793487
0.630464 0.793067
0.630797 0.792647
0.631131 0.792228
0.631465 0.79181
0.631798 0.791392
0.632132 0.790974
0.632466 0.790557
0.632799 0.79014
0.633133 0.789723
0.633467 0.789307
0.6338 0.788892
0.634134 0.788477
0.634468 0.788062
0.634801 0.787648
0.635135 0.787234
0.635469 0.786821
0.635802 0.786408
0.636136 0.785995
0.63647 0.785583
0.636803 0.785172
0.637137 0.78476
0.637471 0.78435
0.637804 0.783939
0.638138 0.783529
0.638472 0.78312
0.638805 0.782711
0.639139 0.782302
0.639473 0.781894
0.639806 0.781486
0.64014 0.781079
0.640474 0.780672
0.640807 0.780266
0.641141 0.779859
0.641475 0.779454
0.641808 0.779049
0.642142 0.778644
0.642476 0.778239
0.642809 0.777835
0.643143 0.777432
0.643477 0.777029
0.64381 0.776626
0.644144 0.776224
0.644478 0.775822
0.644811 0.77542
0.645145 0.775019
0.645479 0.774619
0.645812 0.774219
0.646146 0.773819
0.64648 0.773419
0.646813 0.77302
0.647147 0.772622
0.647481 0.772224
0.647814 0.771826
0.648148 0.771429
0.648482 0.771032
0.648815 0.770635
0.649149 0.770239
0.649483 0.769843
0.649816 0.769448
0.65015 0.769053
0.650484 0.768659
0.650817 0.768265
0.651151 0.767871
0.651485 0.767478
0.651818 0.767085
0.652152 0.766692
0.652486 0.7663
0.652819 0.765909
0.653153 0.765517
0.653487 0.765126
0.65382 0.764736
0.654154 0.764346
0.654488 0.763956
0.654821 0.763567
0.655155 0.763178
0.655489 0.76279
0.655822 0.762401
0.656156 0.762014
0.65649 0.761626
0.656823 0.76124
0.657157 0.760853
0.657491 0.760467
0.657824 0.760081
0.658158 0.759696
0.658492 0.759311
0.658825 0.758926
0.659159 0.758542
0.659493 0.758158
0.659826 0.757775
0.66016 0.757392
0.660494 0.757009
0.660827 0.756627
0.661161 0.756245
0.661495 0.755864
0.661828 0.755483
0.662162 0.755102
0.662496 0.754722
0.662829 0.754342
0.663163 0.753962
0.663497 0.753583
0.66383 0.753204
0.664164 0.752826
0.664498 0.752448
0.664831 0.75207
0.665165 0.751693
0.665499 0.751316
0.665832 0.75094
0.666166 0.750563
0.6665 0.750188
0.666834 0.749812
0.667167 0.749437
0.667501 0.749063
0.667835 0.748688
0.668168 0.748315
0.668502 0.747941
0.668836 0.747568
0.669169 0.747195
0.669503 0.746823
0.669837 0.746451
0.67017 0.746079
0.670504 0.745708
0.670838 0.745337
0.671171 0.744966
0.671505 0.744596
0.671839 0.744226
0.672172 0.743857
0.672506 0.743488
0.67284 0.743119
0.673173 0.742751
0.673507 0.742383
0.673841 0.742015
0.674174 0.741648
0.674508 0.741281
0.674842 0.740915
0.675175 0.740549
0.675509 0.740183
0.675843 0.739817
0.676176 0.739452
0.67651 0.739088
0.676844 0.738723
0.677177 0.738359
0.677511 0.737996
0.677845 0.737632
0.678178 0.737269
0.678512 0.736907
0.678846 0.736545
0.679179 0.736183
0.679513 0.735821
0.679847 0.73546
0.68018 0.735099
0.680514 0.734739
0.680848 0.734379
0.681181 0.734019
0.681515 0.73366
0.681849 0.733301
0.682182 0.732942
0.682516 0.732584
0.68285 0.732226
0.683183 0.731868
0.683517 0.731511
0.683851 0.731154
0.684184 0.730797
0.684518 0.730441
0.684852 0.730085
0.685185 0.72973
0.685519 0.729375
0.685853 0.72902
0.686186 0.728665
0.68652 0.728311
0.686854 0.727957
0.687187 0.727604
0.687521 0.727251
0.687855 0.726898
0.688188 0.726545
0.688522 0.726193
0.688856 0.725842
0.689189 0.72549
0.689523 0.725139
0.689857 0.724788
0.69019 0.724438
0.690524 0.724088
0.690858 0.723738
0.691191 0.723389
0.691525 0.72304
0.691859 0.722691
0.692192 0.722343
0.692526 0.721995
0.69286 0.721647
0.693193 0.7213
0.693527 0.720953
0.693861 0.720606
0.694194 0.72026
0.694528 0.719914
0.694862 0.719568
0.695195 0.719222
0.695529 0.718877
0.695863 0.718533
0.696196 0.718188
0.69653 0.717844
0.696864 0.717501
0.697197 0.717157
0.697531 0.716814
0.697865 0.716471
0.698198 0.716129
0.698532 0.715787
0.698866 0.715445
0.699199 0.715104
0.699533 0.714763
0.699867 0.714422
0.7002 0.714081
0.700534 0.713741
0.700868 0.713402
0.701201 0.713062
0.701535 0.712723
0.701869 0.712384
0.702202 0.712046
0.702536 0.711707
0.70287 0.71137
0.703203 0.711032
0.703537 0.710695
0.703871 0.710358
0.704204 0.710021
0.704538 0.709685
0.704872 0.709349
0.705205 0.709013
0.705539 0.708678
0.705873 0.708343
0.706206 0.708009
0.70654 0.707674
0.706874 0.70734
0.707207 0.707006
0.707541 0.706673
0.707875 0.70634
0.708208 0.706007
0.708542 0.705675
0.708876 0.705342
0.709209 0.705011
0.709543 0.704679
0.709877 0.704348
0.71021 0.704017
0.710544 0.703686
0.710878 0.703356
0.711211 0.703026
0.711545 0.702696
0.711879 0.702367
0.712212 0.702038
0.712546 0.701709
0.71288 0.701381
0.713213 0.701053
0.713547 0.700725
0.713881 0.700397
0.714214 0.70007
0.714548 0.699743
0.714882 0.699417
0.715215 0.69909
0.715549 0.698764
0.715883 0.698439
0.716216 0.698113
0.71655 0.697788
0.716884 0.697463
0.717217 0.697139
0.717551 0.696815
0.717885 0.696491
0.718218 0.696167
0.718552 0.695844
0.718886 0.695521
0.719219 0.695198
0.719553 0.694876
0.719887 0.694554
0.72022 0.694232
0.720554 0.693911
0.720888 0.693589
0.721221 0.693269
0.721555 0.692948
0.721889 0.692628
0.722222 0.692308
0.722556 0.691988
0.72289 0.691669
0.723223 0.691349
0.723557 0.691031
0.723891 0.690712
0.724224 0.690394
0.724558 0.690076
0.724892 0.689758
0.725225 0.689441
0.725559 0.689124
0.725893 0.688807
0.726226 0.688491
0.72656 0.688175
0.726894 0.687859
0.727227 0.687543
0.727561 0.687228
0.727895 0.686913
0.728228 0.686598
0.728562 0.686283
0.728896 0.685969
0.729229 0.685655
0.729563 0.685342
0.729897 0.685029
0.73023 0.684716
0.730564 0.684403
0.730898 0.68409
0.731231 0.683778
0.731565 0.683466
0.731899 0.683155
0.732232 0.682843
0.732566 0.682532
0.7329 0.682222
0.733233 0.681911
0.733567 0.681601
0.733901 0.681291
0.734234 0.680982
0.734568 0.680672
0.734902 0.680363
0.735235 0.680054
0.735569 0.679746
0.735903 0.679438
0.736236 0.67913
0.73657 0.678822
0.736904 0.678515
0.737237 0.678208
0.737571 0.677901
0.737905 0.677594
0.738238 0.677288
0.738572 0.676982
0.738906 0.676676
0.739239 0.676371
0.739573 0.676066
0.739907 0.675761
0.74024 0.675456
0.740574 0.675152
0.740908 0.674848
0.741241 0.674544
0.741575 0.674241
0.741909 0.673937
0.742242 0.673635
0.742576 0.673332
0.74291 0.673029
0.743243 0.672727
0.743577 0.672425
0.743911 0.672124
0.744244 0.671822
0.744578 0.671521
0.744912 0.671221
0.745245 0.67092
0.745579 0.67062
0.745913 0.67032
0.746246 0.67002
0.74658 0.669721
0.746914 0.669421
0.747247 0.669123
0.747581 0.668824
0.747915 0.668526
0.748248 0.668227
0.748582 0.66793
0.748916 0.667632
0.749249 0.667335
0.749583 0.667038
0.749917 0.666741
0.75025 0.666444
0.750584 0.666148
0.750918 0.665852
0.751251 0.665556
0.751585 0.665261
0.751919 0.664966
0.752252 0.664671
0.752586 0.664376
0.75292 0.664082
0.753253 0.663787
0.753587 0.663493
0.753921 0.6632
0.754254 0.662906
0.754588 0.662613
0.754922 0.66232
0.755255 0.662028
0.755589 0.661735
0.755923 0.661443
0.756256 0.661152
0.75659 0.66086
0.756924 0.660569
0.757257 0.660278
0.757591 0.659987
0.757925 0.659696
0.758258 0.659406
0.758592 0.659116
0.758926 0.658826
0.759259 0.658537
0.759593 0.658247
0.759927 0.657958
0.76026 0.65767
0.760594 0.657381
0.760928 0.657093
0.761261 0.656805
0.761595 0.656517
0.761929 0.656229
0.762262 0.655942
0.762596 0.655655
0.76293 0.655368
0.763263 0.655082
0.763597 0.654796
0.763931 0.65451
0.764264 0.654224
0.764598 0.653938
0.764932 0.653653
0.765265 0.653368
0.765599 0.653083
0.765933 0.652799
0.766266 0.652515
0.7666 0.652231
0.766934 0.651947
0.767267 0.651663
0.767601 0.65138
0.767935 0.651097
0.768268 0.650814
0.768602 0.650532
0.768936 0.65025
0.769269 0.649967
0.769603 0.649686
0.769937 0.649404
0.77027 0.649123
0.770604 0.648842
0.770938 0.648561
0.771271 0.64828
0.771605 0.648
0.771939 0.64772
0.772272 0.64744
0.772606 0.64716
0.77294 0.646881
0.773273 0.646602
0.773607 0.646323
0.773941 0.646044
0.774274 0.645766
0.774608 0.645488
0.774942 0.64521
0.775275 0.644932
0.775609 0.644655
0.775943 0.644378
0.776276 0.644101
0.77661 0.643824
0.776944 0.643547
0.777277 0.643271
0.777611 0.642995
0.777945 0.642719
0.778278 0.642444
0.778612 0.642168
0.778946 0.641893
0.779279 0.641618
0.779613 0.641344
0.779947 0.64107
0.78028 0.640795
0.780614 0.640521
0.780948 0.640248
0.781281 0.639974
0.781615 0.639701
0.781949 0.639428
0.782282 0.639155
0.782616 0.638883
0.78295 0.638611
0.783283 0.638339
0.783617 0.638067
0.783951 0.637795
0.784284 0.637524
0.784618 0.637253
0.784952 0.636982
0.785285 0.636711
0.785619 0.636441
0.785953 0.636171
0.786286 0.635901
0.78662 0.635631
0.786954 0.635361
0.787287 0.635092
0.787621 0.634823
0.787955 0.634554
0.788288 0.634286
0.788622 0.634017
0.788956 0.633749
0.789289 0.633481
0.789623 0.633214
0.789957 0.632946
0.79029 0.632679
0.790624 0.632412
0.790958 0.632145
0.791291 0.631879
0.791625 0.631612
0.791959 0.631346
0.792292 0.63108
0.792626 0.630815
0.79296 0.630549
0.793293 0.630284
0.793627 0.630019
0.793961 0.629754
0.794294 0.62949
0.794628 0.629225
0.794962 0.628961
0.795295 0.628697
0.795629 0.628434
0.795963 0.62817
0.796296 0.627907
0.79663 0.627644
0.796964 0.627381
0.797297 0.627119
0.797631 0.626856
0.797965 0.626594
0.798298 0.626332
0.798632 0.626071
0.798966 0.625809
0.799299 0.625548
0.799633 0.625287
0.799967 0.625026
0.8003 0.624765
0.800634 0.624505
0.800968 0.624245
0.801301 0.623985
0.801635 0.623725
0.801969 0.623466
0.802302 0.623206
0.802636 0.622947
0.80297 0.622689
0.803303 0.62243
0.803637 0.622171
0.803971 0.621913
0.804304 0.621655
0.804638 0.621397
0.804972 0.62114
0.805305 0.620883
0.805639 0.620625
0.805973 0.620368
0.806306 0.620112
0.80664 0.619855
0.806974 0.619599
0.807307 0.619343
0.807641 0.619087
0.807975 0.618831
0.808308 0.618576
0.808642 0.618321
0.808976 0.618066
0.809309 0.617811
0.809643 0.617556
0.809977 0.617302
0.81031 0.617048
0.810644 0.616794
0.810978 0.61654
0.811311 0.616286
0.811645 0.616033
0.811979 0.61578
0.812312 0.615527
0.812646 0.615274
0.81298 0.615022
0.813313 0.614769
0.813647 0.614517
0.813981 0.614265
0.814314 0.614014
0.814648 0.613762
0.814982 0.613511
0.815315 0.61326
0.815649 0.613009
0.815983 0.612758
0.816316 0.612508
0.81665 0.612257
0.816984 0.612007
0.817317 0.611758
0.817651 0.611508
0.817985 0.611258
0.818318 0.611009
0.818652 0.61076
0.818986 0.610511
0.819319 0.610263
0.819653 0.610014
0.819987 0.609766
0.82032 0.609518
0.820654 0.60927
0.820988 0.609023
0.821321 0.608775
0.821655 0.608528
0.821989 0.608281
0.822322 0.608034
0.822656 0.607787
0.82299 0.607541
0.823323 0.607295
0.823657 0.607049
0.823991 0.606803
0.824324 0.606557
0.824658 0.606312
0.824992 0.606067
0.825325 0.605822
0.825659 0.605577
0.825993 0.605332
0.826326 0.605088
0.82666 0.604844
0.826994 0.6046
0.827327 0.604356
0.827661 0.604112
0.827995 0.603869
0.828328 0.603625
0.828662 0.603382
0.828996 0.603139
0.829329 0.602897
0.829663 0.602654
0.829997 0.602412
0.83033 0.60217
0.830664 0.601928
0.830998 0.601686
0.831331 0.601445
0.831665 0.601204
0.831999 0.600963
0.832332 0.600722
0.832666 0.600481
0.833 0.60024
0.833333 0.6
