3.20641 0
3.40681 0.1002
3.40681 0.200401
3.40681 0.300601
3.40681 0.400802
3.60721 0.501002
3.60721 0.601202
3.60721 0.701403
3.80762 0.801603
3.80762 0.901804
3.80762 1.002
4.00802 1.1022
4.00802 1.2024
4.00802 1.30261
4.00802 1.40281
4.20842 1.50301
4.20842 1.60321
4.20842 1.70341
4.40882 1.80361
4.40882 1.90381
4.40882 2.00401
4.60922 2.10421
4.60922 2.20441
4.60922 2.30461
4.80962 2.40481
4.80962 2.50501
4.80962 2.60521
4.80962 2.70541
5.01002 2.80561
5.01002 2.90581
5.01002 3.00601
5.21042 3.10621
5.21042 3.20641
5.21042 3.30661
5.41082 3.40681
5.41082 3.50701
5.41082 3.60721
5.61122 3.70741
5.61122 3.80762
5.61122 3.90782
5.81162 4.00802
5.81162 4.10822
6.01202 4.20842
6.01202 4.30862
6.01202 4.40882
6.21242 4.50902
6.21242 4.60922
6.21242 4.70942
6.41283 4.80962
6.41283 4.90982
6.41283 5.01002
6.61323 5.11022
6.61323 5.21042
6.61323 5.31062
6.81363 5.41082
6.81363 5.51102
7.01403 5.61122
7.01403 5.71142
7.01403 5.81162
7.21443 5.91182
7.21443 6.01202
7.21443 6.11222
7.41483 6.21242
7.41483 6.31263
7.61523 6.41283
7.61523 6.51303
7.61523 6.61323
7.81563 6.71343
7.81563 6.81363
8.01603 6.91383
8.01603 7.01403
8.01603 7.11423
8.21643 7.21443
8.21643 7.31463
8.41683 7.41483
8.41683 7.51503
8.61723 7.61523
8.61723 7.71543
8.61723 7.81563
8.81764 7.91583
8.81764 8.01603
9.01804 8.11623
9.01804 8.21643
9.21844 8.31663
9.21844 8.41683
9.21844 8.51703
9.41884 8.61723
9.41884 8.71743
9.61924 8.81764
9.61924 8.91784
9.81964 9.01804
9.81964 9.11824
10.02 9.21844
10.02 9.31864
10.2204 9.41884
10.2204 9.51904
10.4208 9.61924
10.4208 9.71944
10.6212 9.81964
10.6212 9.91984
10.6212 10.02
10.8216 10.1202
10.8216 10.2204
11.022 10.3206
11.022 10.4208
11.2224 10.521
11.2224 10.6212
11.4228 10.7214
11.6232 10.8216
11.6232 10.9218
11.8236 11.022
11.8236 11.1222
12.024 11.2224
12.024 11.3226
12.2244 11.4228
12.2244 11.523
12.4248 11.6232
12.4248 11.7234
12.6253 11.8236
12.6253 11.9238
12.8257 12.024
13.0261 12.1242
13.0261 12.2244
13.2265 12.3246
13.2265 12.4248
13.4269 12.5251
13.4269 12.6253
13.6273 12.7255
13.8277 12.8257
13.8277 12.9259
14.0281 13.0261
14.0281 13.1263
14.2285 13.2265
14.4289 13.3267
14.4289 13.4269
14.6293 13.5271
14.6293 13.6273
14.8297 13.7275
15.0301 13.8277
15.0301 13.9279
15.2305 14.0281
15.4309 14.1283
15.4309 14.2285
15.6313 14.3287
15.8317 14.4289
15.8317 14.5291
16.0321 14.6293
16.2325 14.7295
16.2325 14.8297
16.4329 14.9299
16.6333 15.0301
16.6333 15.1303
16.8337 15.2305
17.0341 15.3307
17.0341 15.4309
17.2345 15.5311
17.4349 15.6313
17.6353 15.7315
17.6353 15.8317
17.8357 15.9319
18.0361 16.0321
18.2365 16.1323
18.2365 16.2325
18.4369 16.3327
18.6373 16.4329
18.8377 16.5331
18.8377 16.6333
19.0381 16.7335
19.2385 16.8337
19.4389 16.9339
19.6393 17.0341
19.6393 17.1343
19.8397 17.2345
20.0401 17.3347
20.2405 17.4349
20.4409 17.5351
20.6413 17.6353
20.6413 17.7355
20.8417 17.8357
21.0421 17.9359
21.2425 18.0361
21.4429 18.1363
21.6433 18.2365
21.8437 18.3367
22.0441 18.4369
22.2445 18.5371
22.4449 18.6373
22.4449 18.7375
22.6453 18.8377
22.8457 18.9379
23.0461 19.0381
23.2465 19.1383
23.4469 19.2385
23.6473 19.3387
23.8477 19.4389
24.0481 19.5391
24.2485 19.6393
24.4489 19.7395
24.6493 19.8397
24.8497 19.9399
25.0501 20.0401
25.2505 20.1403
25.4509 20.2405
25.8517 20.3407
26.0521 20.4409
26.2525 20.5411
26.4529 20.6413
26.6533 20.7415
26.8537 20.8417
27.0541 20.9419
27.2545 21.0421
27.6553 21.1423
27.8557 21.2425
28.0561 21.3427
28.2565 21.4429
28.4569 21.5431
28.8577 21.6433
29.0581 21.7435
29.2585 21.8437
29.4589 21.9439
29.8597 22.0441
30.0601 22.1443
30.2605 22.2445
30.6613 22.3447
30.8617 22.4449
31.0621 22.5451
31.4629 22.6453
31.6633 22.7455
31.8637 22.8457
32.2645 22.9459
32.4649 23.0461
32.8657 23.1463
33.0661 23.2465
33.4669 23.3467
33.6673 23.4469
33.8677 23.5471
34.2685 23.6473
34.6693 23.7475
34.8697 23.8477
35.2705 23.9479
35.4709 24.0481
35.8717 24.1483
36.0721 24.2485
36.4729 24.3487
36.8737 24.4489
37.0741 24.5491
37.4749 24.6493
37.8758 24.7495
38.2766 24.8497
38.477 24.9499
38.8778 25.0501
39.2786 25.1503
39.6794 25.2505
40.0802 25.3507
40.481 25.4509
40.6814 25.5511
41.0822 25.6513
41.483 25.7515
41.8838 25.8517
42.2846 25.9519
42.6854 26.0521
43.0862 26.1523
43.487 26.2525
44.0882 26.3527
44.489 26.4529
44.8898 26.5531
45.2906 26.6533
45.6914 26.7535
46.0922 26.8537
46.6934 26.9539
47.0942 27.0541
47.495 27.1543
48.0962 27.2545
48.497 27.3547
49.0982 27.4549
49.499 27.5551
50.1002 27.6553
50.501 27.7555
51.1022 27.8557
51.503 27.9559
52.1042 28.0561
52.7054 28.1563
53.3066 28.2565
53.7074 28.3567
54.3086 28.4569
54.9098 28.5571
55.511 28.6573
56.1122 28.7575
56.7134 28.8577
57.3146 28.9579
57.9158 29.0581
58.517 29.1583
59.3186 29.2585
59.9198 29.3587
60.521 29.4589
61.3226 29.5591
61.9238 29.6593
62.5251 29.7595
63.3267 29.8597
64.1283 29.9599
64.7295 30.0601
65.5311 30.1603
66.3327 30.2605
67.1343 30.3607
67.9359 30.4609
68.7375 30.5611
69.5391 30.6613
70.3407 30.7615
71.1423 30.8617
72.1443 30.9619
72.9459 31.0621
73.9479 31.1623
74.7495 31.2625
75.7515 31.3627
76.7535 31.4629
77.7555 31.5631
78.7575 31.6633
79.7595 31.7635
80.7615 31.8637
81.7635 31.9639
82.9659 32.0641
83.9679 32.1643
85.1703 32.2645
86.1723 32.3647
87.3747 32.4649
88.5772 32.5651
89.98 32.6653
91.1824 32.7655
92.3848 32.8657
93.7876 32.9659
95.1904 33.0661
96.5932 33.1663
97.996 33.2665
99.3988 33.3667
