0.000440882 0.210421
0.000881764 0.20992
0.00176353 0.209419
0.00220441 0.208918
0.00264529 0.208417
0.00308617 0.207916
0.00352705 0.207415
0.00396794 0.206914
0.00440882 0.206413
0.0048497 0.205912
0.00529058 0.205411
0.00573146 0.20491
0.00661323 0.204409
0.00705411 0.203908
0.00749499 0.203407
0.00793587 0.202906
0.00837675 0.202405
0.00881764 0.201904
0.00925852 0.201403
0.0096994 0.200902
0.0101403 0.200401
0.0105812 0.1999
0.0114629 0.199399
0.0119038 0.198898
0.0123447 0.198397
0.0127856 0.197896
0.0132265 0.197395
0.0136673 0.196894
0.0141082 0.196393
0.0145491 0.195892
0.01499 0.195391
0.0154309 0.19489
0.0163126 0.194389
0.0167535 0.193888
0.0171944 0.193387
0.0176353 0.192886
0.0180762 0.192385
0.018517 0.191884
0.0189579 0.191383
0.0193988 0.190882
0.0198397 0.190381
0.0202806 0.18988
0.0211623 0.189379
0.0216032 0.188878
0.0220441 0.188377
0.022485 0.187876
0.0229259 0.187375
0.0233667 0.186874
0.0238076 0.186373
0.0242485 0.185872
0.0246894 0.185371
0.0251303 0.18487
0.0255711 0.184369
0.0264529 0.183868
0.0268938 0.183367
0.0273347 0.182866
0.0277756 0.182365
0.0282164 0.181864
0.0286573 0.181363
0.0290982 0.180862
0.0295391 0.180361
0.02998 0.17986
0.0304208 0.179359
0.0313026 0.178858
0.0317435 0.178357
0.0321844 0.177856
0.0326253 0.177355
0.0330661 0.176854
0.033507 0.176353
0.0339479 0.175852
0.0343888 0.175351
0.0348297 0.17485
0.0352705 0.174349
0.0361523 0.173848
0.0365932 0.173347
0.0370341 0.172846
0.0374749 0.172345
0.0379158 0.171844
0.0383567 0.171343
0.0387976 0.170842
0.0392385 0.170341
0.0396794 0.16984
0.0401202 0.169339
0.041002 0.168838
0.0414429 0.168337
0.0418838 0.167836
0.0423246 0.167335
0.0427655 0.166834
0.0432064 0.166333
0.0436473 0.165832
0.0440882 0.165331
0.0445291 0.16483
0.0449699 0.164329
0.0458517 0.163828
0.0462926 0.163327
0.0467335 0.162826
0.0471743 0.162325
0.0476152 0.161824
0.0480561 0.161323
0.048497 0.160822
0.0489379 0.160321
0.0493788 0.15982
0.0498196 0.159319
0.0507014 0.158818
0.0511423 0.158317
0.0515832 0.157816
0.052024 0.157315
0.0524649 0.156814
0.0529058 0.156313
0.0533467 0.155812
0.0537876 0.155311
0.0542285 0.15481
0.0546693 0.154309
0.0551102 0.153808
0.055992 0.153307
0.0564329 0.152806
0.0568737 0.152305
0.0573146 0.151804
0.0577555 0.151303
0.0581964 0.150802
0.0586373 0.150301
0.0590782 0.1498
0.059519 0.149299
0.0599599 0.148798
0.0608417 0.148297
0.0612826 0.147796
0.0617234 0.147295
0.0621643 0.146794
0.0626052 0.146293
0.0630461 0.145792
0.063487 0.145291
0.0639279 0.14479
0.0643687 0.144289
0.0648096 0.143788
0.0656914 0.143287
0.0661323 0.142786
0.0665731 0.142285
0.067014 0.141784
0.0674549 0.141283
0.0678958 0.140782
0.0683367 0.140281
0.0687776 0.13978
0.0692184 0.139279
0.0696593 0.138778
0.0705411 0.138277
0.070982 0.137776
0.0714228 0.137275
0.0718637 0.136774
0.0723046 0.136273
0.0727455 0.135772
0.0731864 0.135271
0.0736273 0.13477
0.0740681 0.134269
0.074509 0.133768
0.0753908 0.133267
0.0758317 0.132766
0.0762725 0.132265
0.0767134 0.131764
0.0771543 0.131263
0.0775952 0.130762
0.0780361 0.130261
0.078477 0.12976
0.0789178 0.129259
0.0793587 0.128758
0.0802405 0.128257
0.0806814 0.127756
0.0811222 0.127255
0.0815631 0.126754
0.082004 0.126253
0.0824449 0.125752
0.0828858 0.125251
0.0833267 0.124749
0.0837675 0.124248
0.0842084 0.123747
0.0846493 0.123246
0.0855311 0.122745
0.0859719 0.122244
0.0864128 0.121743
0.0868537 0.121242
0.0872946 0.120741
0.0877355 0.12024
0.0881764 0.119739
0.0886172 0.119238
0.0890581 0.118737
0.089499 0.118236
0.0903808 0.117735
0.0908216 0.117234
0.0912625 0.116733
0.0917034 0.116232
0.0921443 0.115731
0.0925852 0.11523
0.0930261 0.114729
0.0934669 0.114228
0.0939078 0.113727
0.0943487 0.113226
0.0952305 0.112725
0.0956713 0.112224
0.0961122 0.111723
0.0965531 0.111222
0.096994 0.110721
0.0974349 0.11022
0.0978758 0.109719
0.0983166 0.109218
0.0987575 0.108717
0.0991984 0.108216
0.10008 0.107715
0.100521 0.107214
0.100962 0.106713
0.101403 0.106212
0.101844 0.105711
0.102285 0.10521
0.102725 0.104709
0.103166 0.104208
0.103607 0.103707
0.104048 0.103206
0.10493 0.102705
0.105371 0.102204
0.105812 0.101703
0.106253 0.101202
0.106693 0.100701
0.107134 0.1002
0.107575 0.0996994
0.108016 0.0991984
0.108457 0.0986974
0.108898 0.0981964
0.10978 0.0976954
0.11022 0.0971944
0.110661 0.0966934
0.111102 0.0961924
0.111543 0.0956914
0.111984 0.0951904
0.112425 0.0946894
0.112866 0.0941884
0.113307 0.0936874
0.113747 0.0931864
0.114629 0.0926854
0.11507 0.0921844
0.115511 0.0916834
0.115952 0.0911824
0.116393 0.0906814
0.116834 0.0901804
0.117275 0.0896794
0.117715 0.0891784
0.118156 0.0886774
0.118597 0.0881764
0.119038 0.0876754
0.11992 0.0871743
0.120361 0.0866733
0.120802 0.0861723
0.121242 0.0856713
0.121683 0.0851703
0.122124 0.0846693
0.122565 0.0841683
0.123006 0.0836673
0.123447 0.0831663
0.123888 0.0826653
0.12477 0.0821643
0.12521 0.0816633
0.125651 0.0811623
0.126092 0.0806613
0.126533 0.0801603
0.126974 0.0796593
0.127415 0.0791583
0.127856 0.0786573
0.128297 0.0781563
0.128737 0.0776553
0.129619 0.0771543
0.13006 0.0766533
0.130501 0.0761523
0.130942 0.0756513
0.131383 0.0751503
0.131824 0.0746493
0.132265 0.0741483
0.132705 0.0736473
0.133146 0.0731463
0.133587 0.0726453
0.134469 0.0721443
0.13491 0.0716433
0.135351 0.0711423
0.135792 0.0706413
0.136232 0.0701403
0.136673 0.0696393
0.137114 0.0691383
0.137555 0.0686373
0.137996 0.0681363
0.138437 0.0676353
0.139319 0.0671343
0.13976 0.0666333
0.1402 0.0661323
0.140641 0.0656313
0.141082 0.0651303
0.141523 0.0646293
0.141964 0.0641283
0.142405 0.0636273
0.142846 0.0631263
0.143287 0.0626253
0.144168 0.0621242
0.144609 0.0616232
0.14505 0.0611222
0.145491 0.0606212
0.145932 0.0601202
0.146373 0.0596192
0.146814 0.0591182
0.147255 0.0586172
0.147695 0.0581162
0.148136 0.0576152
0.148577 0.0571142
0.149459 0.0566132
0.1499 0.0561122
0.150341 0.0556112
0.150782 0.0551102
0.151222 0.0546092
0.151663 0.0541082
0.152104 0.0536072
0.152545 0.0531062
0.152986 0.0526052
0.153427 0.0521042
0.154309 0.0516032
0.154749 0.0511022
0.15519 0.0506012
0.155631 0.0501002
0.156072 0.0495992
0.156513 0.0490982
0.156954 0.0485972
0.157395 0.0480962
0.157836 0.0475952
0.158277 0.0470942
0.159158 0.0465932
0.159599 0.0460922
0.16004 0.0455912
0.160481 0.0450902
0.160922 0.0445892
0.161363 0.0440882
0.161804 0.0435872
0.162244 0.0430862
0.162685 0.0425852
0.163126 0.0420842
0.164008 0.0415832
0.164449 0.0410822
0.16489 0.0405812
0.165331 0.0400802
0.165772 0.0395792
0.166212 0.0390782
0.166653 0.0385772
0.167094 0.0380762
0.167535 0.0375752
0.167976 0.0370741
0.168858 0.0365731
0.169299 0.0360721
0.169739 0.0355711
0.17018 0.0350701
0.170621 0.0345691
0.171062 0.0340681
0.171503 0.0335671
0.171944 0.0330661
0.172385 0.0325651
0.172826 0.0320641
0.173707 0.0315631
0.174148 0.0310621
0.174589 0.0305611
0.17503 0.0300601
0.175471 0.0295591
0.175912 0.0290581
0.176353 0.0285571
0.176794 0.0280561
0.177234 0.0275551
0.177675 0.0270541
0.178116 0.0265531
0.178998 0.0260521
0.179439 0.0255511
0.17988 0.0250501
0.180321 0.0245491
0.180762 0.0240481
0.181202 0.0235471
0.181643 0.0230461
0.182084 0.0225451
0.182525 0.0220441
0.182966 0.0215431
0.183848 0.0210421
0.184289 0.0205411
0.184729 0.0200401
0.18517 0.0195391
0.185611 0.0190381
0.186052 0.0185371
0.186493 0.0180361
0.186934 0.0175351
0.187375 0.0170341
0.187816 0.0165331
0.188697 0.0160321
0.189138 0.0155311
0.189579 0.0150301
0.19002 0.0145291
0.190461 0.0140281
0.190902 0.0135271
0.191343 0.0130261
0.191784 0.0125251
0.192224 0.012024
0.192665 0.011523
0.193547 0.011022
0.193988 0.010521
0.194429 0.01002
0.19487 0.00951904
0.195311 0.00901804
0.195752 0.00851703
0.196192 0.00801603
0.196633 0.00751503
0.197074 0.00701403
0.197515 0.00651303
0.198397 0.00601202
0.198838 0.00551102
0.199279 0.00501002
0.199719 0.00450902
0.20016 0.00400802
0.200601 0.00350701
0.201042 0.00300601
0.201483 0.00250501
0.201924 0.00200401
0.202365 0.00150301
0.203246 0.001002
0.203687 0.000501002
0.204128 0
