1.92285 0
1.91283 0.0300601
1.90481 0.0601202
1.8988 0.0901804
1.89279 0.12024
1.88878 0.150301
1.88477 0.180361
1.88076 0.210421
1.87675 0.240481
1.87475 0.270541
1.87275 0.300601
1.87074 0.330661
1.86874 0.360721
1.86673 0.390782
1.86473 0.420842
1.86273 0.450902
1.86072 0.480962
1.86072 0.511022
1.85872 0.541082
1.85872 0.571142
1.85671 0.601202
1.85671 0.631263
1.85471 0.661323
1.85471 0.691383
1.85271 0.721443
1.85271 0.751503
1.85271 0.781563
1.8507 0.811623
1.8507 0.841683
1.8507 0.871743
1.8487 0.901804
1.8487 0.931864
1.8487 0.961924
1.8487 0.991984
1.84669 1.02204
1.84669 1.0521
1.84669 1.08216
1.84669 1.11222
1.84469 1.14228
1.84469 1.17234
1.84469 1.2024
1.84469 1.23246
1.84469 1.26253
1.84469 1.29259
1.84269 1.32265
1.84269 1.35271
1.84269 1.38277
1.84269 1.41283
1.84269 1.44289
1.84269 1.47295
1.84269 1.50301
1.84068 1.53307
1.84068 1.56313
1.84068 1.59319
1.84068 1.62325
1.84068 1.65331
1.84068 1.68337
1.84068 1.71343
1.84068 1.74349
1.84068 1.77355
1.83868 1.80361
1.83868 1.83367
1.83868 1.86373
1.83868 1.89379
1.83868 1.92385
1.83868 1.95391
1.83868 1.98397
1.83868 2.01403
1.83868 2.04409
1.83868 2.07415
1.83868 2.10421
1.83868 2.13427
1.83868 2.16433
1.83667 2.19439
1.83667 2.22445
1.83667 2.25451
1.83667 2.28457
1.83667 2.31463
1.83667 2.34469
1.83667 2.37475
1.83667 2.40481
1.83667 2.43487
1.83667 2.46493
1.83667 2.49499
1.83667 2.52505
1.83667 2.55511
1.83667 2.58517
1.83667 2.61523
1.83667 2.64529
1.83667 2.67535
1.83667 2.70541
1.83667 2.73547
1.83467 2.76553
1.83467 2.79559
1.83467 2.82565
1.83467 2.85571
1.83467 2.88577
1.83467 2.91583
1.83467 2.94589
1.83467 2.97595
1.83467 3.00601
1.83467 3.03607
1.83467 3.06613
1.83467 3.09619
1.83467 3.12625
1.83467 3.15631
1.83467 3.18637
1.83467 3.21643
1.83467 3.24649
1.83467 3.27655
1.83467 3.30661
1.83467 3.33667
1.83467 3.36673
1.83467 3.39679
1.83467 3.42685
1.83467 3.45691
1.83467 3.48697
1.83467 3.51703
1.83467 3.54709
1.83467 3.57715
1.83467 3.60721
1.83467 3.63727
1.83267 3.66733
1.83267 3.69739
1.83267 3.72745
1.83267 3.75752
1.83267 3.78758
1.83267 3.81764
1.83267 3.8477
1.83267 3.87776
1.83267 3.90782
1.83267 3.93788
1.83267 3.96794
1.83267 3.998
1.83267 4.02806
1.83267 4.05812
1.83267 4.08818
1.83267 4.11824
1.83267 4.1483
1.83267 4.17836
1.83267 4.20842
1.83267 4.23848
1.83267 4.26854
1.83267 4.2986
1.83267 4.32866
1.83267 4.35872
1.83267 4.38878
1.83267 4.41884
1.83267 4.4489
1.83267 4.47896
1.83267 4.50902
1.83267 4.53908
1.83267 4.56914
1.83267 4.5992
1.83267 4.62926
1.83267 4.65932
1.83267 4.68938
1.83267 4.71944
1.83267 4.7495
1.83267 4.77956
1.83267 4.80962
1.83267 4.83968
1.83267 4.86974
1.83267 4.8998
1.83267 4.92986
1.83267 4.95992
1.83267 4.98998
1.83267 5.02004
1.83267 5.0501
1.83267 5.08016
1.83267 5.11022
1.83267 5.14028
1.83267 5.17034
1.83267 5.2004
1.83267 5.23046
1.83066 5.26052
1.83066 5.29058
1.83066 5.32064
1.83066 5.3507
1.83066 5.38076
1.83066 5.41082
1.83066 5.44088
1.83066 5.47094
1.83066 5.501
1.83066 5.53106
1.83066 5.56112
1.83066 5.59118
1.83066 5.62124
1.83066 5.6513
1.83066 5.68136
1.83066 5.71142
1.83066 5.74148
1.83066 5.77154
1.83066 5.8016
1.83066 5.83166
1.83066 5.86172
1.83066 5.89178
1.83066 5.92184
1.83066 5.9519
1.83066 5.98196
1.83066 6.01202
1.83066 6.04208
1.83066 6.07214
1.83066 6.1022
1.83066 6.13226
1.83066 6.16232
1.83066 6.19238
1.83066 6.22244
1.83066 6.25251
1.83066 6.28257
1.83066 6.31263
1.83066 6.34269
1.83066 6.37275
1.83066 6.40281
1.83066 6.43287
1.83066 6.46293
1.83066 6.49299
1.83066 6.52305
1.83066 6.55311
1.83066 6.58317
1.83066 6.61323
1.83066 6.64329
1.83066 6.67335
1.83066 6.70341
1.83066 6.73347
1.83066 6.76353
1.83066 6.79359
1.83066 6.82365
1.83066 6.85371
1.83066 6.88377
1.83066 6.91383
1.83066 6.94389
1.83066 6.97395
1.83066 7.00401
1.83066 7.03407
1.83066 7.06413
1.83066 7.09419
1.83066 7.12425
1.83066 7.15431
1.83066 7.18437
1.83066 7.21443
1.83066 7.24449
1.83066 7.27455
1.83066 7.30461
1.83066 7.33467
1.83066 7.36473
1.83066 7.39479
1.83066 7.42485
1.83066 7.45491
1.83066 7.48497
1.83066 7.51503
1.83066 7.54509
1.83066 7.57515
1.83066 7.60521
1.83066 7.63527
1.83066 7.66533
1.83066 7.69539
1.83066 7.72545
1.83066 7.75551
1.83066 7.78557
1.83066 7.81563
1.83066 7.84569
1.83066 7.87575
1.83066 7.90581
1.83066 7.93587
1.83066 7.96593
1.83066 7.99599
1.83066 8.02605
1.83066 8.05611
1.83066 8.08617
1.83066 8.11623
1.83066 8.14629
1.83066 8.17635
1.83066 8.20641
1.83066 8.23647
1.83066 8.26653
1.83066 8.29659
1.83066 8.32665
1.83066 8.35671
1.83066 8.38677
1.83066 8.41683
1.83066 8.44689
1.83066 8.47695
1.83066 8.50701
1.83066 8.53707
1.83066 8.56713
1.83066 8.59719
1.83066 8.62725
1.83066 8.65731
1.83066 8.68737
1.83066 8.71743
1.83066 8.74749
1.83066 8.77756
1.83066 8.80762
1.83066 8.83768
1.83066 8.86774
1.83066 8.8978
1.83066 8.92786
1.83066 8.95792
1.83066 8.98798
1.83066 9.01804
1.83066 9.0481
1.82866 9.07816
1.82866 9.10822
1.82866 9.13828
1.82866 9.16834
1.82866 9.1984
1.82866 9.22846
1.82866 9.25852
1.82866 9.28858
1.82866 9.31864
1.82866 9.3487
1.82866 9.37876
1.82866 9.40882
1.82866 9.43888
1.82866 9.46894
1.82866 9.499
1.82866 9.52906
1.82866 9.55912
1.82866 9.58918
1.82866 9.61924
1.82866 9.6493
1.82866 9.67936
1.82866 9.70942
1.82866 9.73948
1.82866 9.76954
1.82866 9.7996
1.82866 9.82966
1.82866 9.85972
1.82866 9.88978
1.82866 9.91984
1.82866 9.9499
1.82866 9.97996
1.82866 10.01
1.82866 10.0401
1.82866 10.0701
1.82866 10.1002
1.82866 10.1303
1.82866 10.1603
1.82866 10.1904
1.82866 10.2204
1.82866 10.2505
1.82866 10.2806
1.82866 10.3106
1.82866 10.3407
1.82866 10.3707
1.82866 10.4008
1.82866 10.4309
1.82866 10.4609
1.82866 10.491
1.82866 10.521
1.82866 10.5511
1.82866 10.5812
1.82866 10.6112
1.82866 10.6413
1.82866 10.6713
1.82866 10.7014
1.82866 10.7315
1.82866 10.7615
1.82866 10.7916
1.82866 10.8216
1.82866 10.8517
1.82866 10.8818
1.82866 10.9118
1.82866 10.9419
1.82866 10.9719
1.82866 11.002
1.82866 11.0321
1.82866 11.0621
1.82866 11.0922
1.82866 11.1222
1.82866 11.1523
1.82866 11.1824
1.82866 11.2124
1.82866 11.2425
1.82866 11.2725
1.82866 11.3026
1.82866 11.3327
1.82866 11.3627
1.82866 11.3928
1.82866 11.4228
1.82866 11.4529
1.82866 11.483
1.82866 11.513
1.82866 11.5431
1.82866 11.5731
1.82866 11.6032
1.82866 11.6333
1.82866 11.6633
1.82866 11.6934
1.82866 11.7234
1.82866 11.7535
1.82866 11.7836
1.82866 11.8136
1.82866 11.8437
1.82866 11.8737
1.82866 11.9038
1.82866 11.9339
1.82866 11.9639
1.82866 11.994
1.82866 12.024
1.82866 12.0541
1.82866 12.0842
1.82866 12.1142
1.82866 12.1443
1.82866 12.1743
1.82866 12.2044
1.82866 12.2345
1.82866 12.2645
1.82866 12.2946
1.82866 12.3246
1.82866 12.3547
1.82866 12.3848
1.82866 12.4148
1.82866 12.4449
1.82866 12.4749
1.82866 12.505
1.82866 12.5351
1.82866 12.5651
1.82866 12.5952
1.82866 12.6253
1.82866 12.6553
1.82866 12.6854
1.82866 12.7154
1.82866 12.7455
1.82866 12.7756
1.82866 12.8056
1.82866 12.8357
1.82866 12.8657
1.82866 12.8958
1.82866 12.9259
1.82866 12.9559
1.82866 12.986
1.82866 13.016
1.82866 13.0461
1.82866 13.0762
1.82866 13.1062
1.82866 13.1363
1.82866 13.1663
1.82866 13.1964
1.82866 13.2265
1.82866 13.2565
1.82866 13.2866
1.82866 13.3166
1.82866 13.3467
1.82866 13.3768
1.82866 13.4068
1.82866 13.4369
1.82866 13.4669
1.82866 13.497
1.82866 13.5271
1.82866 13.5571
1.82866 13.5872
1.82866 13.6172
1.82866 13.6473
1.82866 13.6774
1.82866 13.7074
1.82866 13.7375
1.82866 13.7675
1.82866 13.7976
1.82866 13.8277
1.82866 13.8577
1.82866 13.8878
1.82866 13.9178
1.82866 13.9479
1.82866 13.978
1.82866 14.008
1.82866 14.0381
1.82866 14.0681
1.82866 14.0982
1.82866 14.1283
1.82866 14.1583
1.82866 14.1884
1.82866 14.2184
1.82866 14.2485
1.82866 14.2786
1.82866 14.3086
1.82866 14.3387
1.82866 14.3687
1.82866 14.3988
1.82866 14.4289
1.82866 14.4589
1.82866 14.489
1.82866 14.519
1.82866 14.5491
1.82866 14.5792
1.82866 14.6092
1.82866 14.6393
1.82866 14.6693
1.82866 14.6994
1.82866 14.7295
1.82866 14.7595
1.82866 14.7896
1.82866 14.8196
1.82866 14.8497
1.82866 14.8798
1.82866 14.9098
1.82866 14.9399
1.82866 14.9699
1.82866 15
