1.48898 0
1.48096 0.0300601
1.47495 0.0601202
1.47094 0.0901804
1.46693 0.12024
1.46293 0.150301
1.45892 0.180361
1.45691 0.210421
1.45491 0.240481
1.45291 0.270541
1.4509 0.300601
1.4489 0.330661
1.44689 0.360721
1.44489 0.390782
1.44489 0.420842
1.44289 0.450902
1.44289 0.480962
1.44088 0.511022
1.44088 0.541082
1.43888 0.571142
1.43888 0.601202
1.43687 0.631263
1.43687 0.661323
1.43687 0.691383
1.43487 0.721443
1.43487 0.751503
1.43487 0.781563
1.43487 0.811623
1.43287 0.841683
1.43287 0.871743
1.43287 0.901804
1.43287 0.931864
1.43287 0.961924
1.43086 0.991984
1.43086 1.02204
1.43086 1.0521
1.43086 1.08216
1.43086 1.11222
1.42886 1.14228
1.42886 1.17234
1.42886 1.2024
1.42886 1.23246
1.42886 1.26253
1.42886 1.29259
1.42886 1.32265
1.42886 1.35271
1.42685 1.38277
1.42685 1.41283
1.42685 1.44289
1.42685 1.47295
1.42685 1.50301
1.42685 1.53307
1.42685 1.56313
1.42685 1.59319
1.42685 1.62325
1.42685 1.65331
1.42485 1.68337
1.42485 1.71343
1.42485 1.74349
1.42485 1.77355
1.42485 1.80361
1.42485 1.83367
1.42485 1.86373
1.42485 1.89379
1.42485 1.92385
1.42485 1.95391
1.42485 1.98397
1.42485 2.01403
1.42485 2.04409
1.42485 2.07415
1.42485 2.10421
1.42485 2.13427
1.42285 2.16433
1.42285 2.19439
1.42285 2.22445
1.42285 2.25451
1.42285 2.28457
1.42285 2.31463
1.42285 2.34469
1.42285 2.37475
1.42285 2.40481
1.42285 2.43487
1.42285 2.46493
1.42285 2.49499
1.42285 2.52505
1.42285 2.55511
1.42285 2.58517
1.42285 2.61523
1.42285 2.64529
1.42285 2.67535
1.42285 2.70541
1.42285 2.73547
1.42285 2.76553
1.42285 2.79559
1.42285 2.82565
1.42285 2.85571
1.42084 2.88577
1.42084 2.91583
1.42084 2.94589
1.42084 2.97595
1.42084 3.00601
1.42084 3.03607
1.42084 3.06613
1.42084 3.09619
1.42084 3.12625
1.42084 3.15631
1.42084 3.18637
1.42084 3.21643
1.42084 3.24649
1.42084 3.27655
1.42084 3.30661
1.42084 3.33667
1.42084 3.36673
1.42084 3.39679
1.42084 3.42685
1.42084 3.45691
1.42084 3.48697
1.42084 3.51703
1.42084 3.54709
1.42084 3.57715
1.42084 3.60721
1.42084 3.63727
1.42084 3.66733
1.42084 3.69739
1.42084 3.72745
1.42084 3.75752
1.42084 3.78758
1.42084 3.81764
1.42084 3.8477
1.42084 3.87776
1.42084 3.90782
1.42084 3.93788
1.42084 3.96794
1.42084 3.998
1.42084 4.02806
1.42084 4.05812
1.42084 4.08818
1.42084 4.11824
1.42084 4.1483
1.42084 4.17836
1.42084 4.20842
1.42084 4.23848
1.42084 4.26854
1.41884 4.2986
1.41884 4.32866
1.41884 4.35872
1.41884 4.38878
1.41884 4.41884
1.41884 4.4489
1.41884 4.47896
1.41884 4.50902
1.41884 4.53908
1.41884 4.56914
1.41884 4.5992
1.41884 4.62926
1.41884 4.65932
1.41884 4.68938
1.41884 4.71944
1.41884 4.7495
1.41884 4.77956
1.41884 4.80962
1.41884 4.83968
1.41884 4.86974
1.41884 4.8998
1.41884 4.92986
1.41884 4.95992
1.41884 4.98998
1.41884 5.02004
1.41884 5.0501
1.41884 5.08016
1.41884 5.11022
1.41884 5.14028
1.41884 5.17034
1.41884 5.2004
1.41884 5.23046
1.41884 5.26052
1.41884 5.29058
1.41884 5.32064
1.41884 5.3507
1.41884 5.38076
1.41884 5.41082
1.41884 5.44088
1.41884 5.47094
1.41884 5.501
1.41884 5.53106
1.41884 5.56112
1.41884 5.59118
1.41884 5.62124
1.41884 5.6513
1.41884 5.68136
1.41884 5.71142
1.41884 5.74148
1.41884 5.77154
1.41884 5.8016
1.41884 5.83166
1.41884 5.86172
1.41884 5.89178
1.41884 5.92184
1.41884 5.9519
1.41884 5.98196
1.41884 6.01202
1.41884 6.04208
1.41884 6.07214
1.41884 6.1022
1.41884 6.13226
1.41884 6.16232
1.41884 6.19238
1.41884 6.22244
1.41884 6.25251
1.41884 6.28257
1.41884 6.31263
1.41884 6.34269
1.41884 6.37275
1.41884 6.40281
1.41884 6.43287
1.41884 6.46293
1.41884 6.49299
1.41884 6.52305
1.41884 6.55311
1.41884 6.58317
1.41884 6.61323
1.41884 6.64329
1.41884 6.67335
1.41884 6.70341
1.41884 6.73347
1.41884 6.76353
1.41884 6.79359
1.41884 6.82365
1.41884 6.85371
1.41884 6.88377
1.41884 6.91383
1.41884 6.94389
1.41884 6.97395
1.41884 7.00401
1.41884 7.03407
1.41884 7.06413
1.41884 7.09419
1.41884 7.12425
1.41884 7.15431
1.41884 7.18437
1.41884 7.21443
1.41884 7.24449
1.41884 7.27455
1.41884 7.30461
1.41884 7.33467
1.41884 7.36473
1.41884 7.39479
1.41884 7.42485
1.41884 7.45491
1.41884 7.48497
1.41884 7.51503
1.41884 7.54509
1.41884 7.57515
1.41884 7.60521
1.41884 7.63527
1.41884 7.66533
1.41884 7.69539
1.41884 7.72545
1.41884 7.75551
1.41683 7.78557
1.41683 7.81563
1.41683 7.84569
1.41683 7.87575
1.41683 7.90581
1.41683 7.93587
1.41683 7.96593
1.41683 7.99599
1.41683 8.02605
1.41683 8.05611
1.41683 8.08617
1.41683 8.11623
1.41683 8.14629
1.41683 8.17635
1.41683 8.20641
1.41683 8.23647
1.41683 8.26653
1.41683 8.29659
1.41683 8.32665
1.41683 8.35671
1.41683 8.38677
1.41683 8.41683
1.41683 8.44689
1.41683 8.47695
1.41683 8.50701
1.41683 8.53707
1.41683 8.56713
1.41683 8.59719
1.41683 8.62725
1.41683 8.65731
1.41683 8.68737
1.41683 8.71743
1.41683 8.74749
1.41683 8.77756
1.41683 8.80762
1.41683 8.83768
1.41683 8.86774
1.41683 8.8978
1.41683 8.92786
1.41683 8.95792
1.41683 8.98798
1.41683 9.01804
1.41683 9.0481
1.41683 9.07816
1.41683 9.10822
1.41683 9.13828
1.41683 9.16834
1.41683 9.1984
1.41683 9.22846
1.41683 9.25852
1.41683 9.28858
1.41683 9.31864
1.41683 9.3487
1.41683 9.37876
1.41683 9.40882
1.41683 9.43888
1.41683 9.46894
1.41683 9.499
1.41683 9.52906
1.41683 9.55912
1.41683 9.58918
1.41683 9.61924
1.41683 9.6493
1.41683 9.67936
1.41683 9.70942
1.41683 9.73948
1.41683 9.76954
1.41683 9.7996
1.41683 9.82966
1.41683 9.85972
1.41683 9.88978
1.41683 9.91984
1.41683 9.9499
1.41683 9.97996
1.41683 10.01
1.41683 10.0401
1.41683 10.0701
1.41683 10.1002
1.41683 10.1303
1.41683 10.1603
1.41683 10.1904
1.41683 10.2204
1.41683 10.2505
1.41683 10.2806
1.41683 10.3106
1.41683 10.3407
1.41683 10.3707
1.41683 10.4008
1.41683 10.4309
1.41683 10.4609
1.41683 10.491
1.41683 10.521
1.41683 10.5511
1.41683 10.5812
1.41683 10.6112
1.41683 10.6413
1.41683 10.6713
1.41683 10.7014
1.41683 10.7315
1.41683 10.7615
1.41683 10.7916
1.41683 10.8216
1.41683 10.8517
1.41683 10.8818
1.41683 10.9118
1.41683 10.9419
1.41683 10.9719
1.41683 11.002
1.41683 11.0321
1.41683 11.0621
1.41683 11.0922
1.41683 11.1222
1.41683 11.1523
1.41683 11.1824
1.41683 11.2124
1.41683 11.2425
1.41683 11.2725
1.41683 11.3026
1.41683 11.3327
1.41683 11.3627
1.41683 11.3928
1.41683 11.4228
1.41683 11.4529
1.41683 11.483
1.41683 11.513
1.41683 11.5431
1.41683 11.5731
1.41683 11.6032
1.41683 11.6333
1.41683 11.6633
1.41683 11.6934
1.41683 11.7234
1.41683 11.7535
1.41683 11.7836
1.41683 11.8136
1.41683 11.8437
1.41683 11.8737
1.41683 11.9038
1.41683 11.9339
1.41683 11.9639
1.41683 11.994
1.41683 12.024
1.41683 12.0541
1.41683 12.0842
1.41683 12.1142
1.41683 12.1443
1.41683 12.1743
1.41683 12.2044
1.41683 12.2345
1.41683 12.2645
1.41683 12.2946
1.41683 12.3246
1.41683 12.3547
1.41683 12.3848
1.41683 12.4148
1.41683 12.4449
1.41683 12.4749
1.41683 12.505
1.41683 12.5351
1.41683 12.5651
1.41683 12.5952
1.41683 12.6253
1.41683 12.6553
1.41683 12.6854
1.41683 12.7154
1.41683 12.7455
1.41683 12.7756
1.41683 12.8056
1.41683 12.8357
1.41683 12.8657
1.41683 12.8958
1.41683 12.9259
1.41683 12.9559
1.41683 12.986
1.41683 13.016
1.41683 13.0461
1.41683 13.0762
1.41683 13.1062
1.41683 13.1363
1.41683 13.1663
1.41683 13.1964
1.41683 13.2265
1.41683 13.2565
1.41683 13.2866
1.41683 13.3166
1.41683 13.3467
1.41683 13.3768
1.41683 13.4068
1.41683 13.4369
1.41683 13.4669
1.41683 13.497
1.41683 13.5271
1.41683 13.5571
1.41683 13.5872
1.41683 13.6172
1.41683 13.6473
1.41683 13.6774
1.41683 13.7074
1.41683 13.7375
1.41683 13.7675
1.41683 13.7976
1.41683 13.8277
1.41683 13.8577
1.41683 13.8878
1.41683 13.9178
1.41683 13.9479
1.41683 13.978
1.41683 14.008
1.41683 14.0381
1.41683 14.0681
1.41683 14.0982
1.41683 14.1283
1.41683 14.1583
1.41683 14.1884
1.41683 14.2184
1.41683 14.2485
1.41683 14.2786
1.41683 14.3086
1.41683 14.3387
1.41683 14.3687
1.41683 14.3988
1.41683 14.4289
1.41683 14.4589
1.41683 14.489
1.41683 14.519
1.41683 14.5491
1.41683 14.5792
1.41683 14.6092
1.41683 14.6393
1.41683 14.6693
1.41683 14.6994
1.41683 14.7295
1.41683 14.7595
1.41683 14.7896
1.41683 14.8196
1.41683 14.8497
1.41683 14.8798
1.41683 14.9098
1.41683 14.9399
1.41683 14.9699
1.41683 15
