196.393 55.4309
193.186 55.3106
189.98 55.1904
186.774 55.0701
183.567 54.9499
180.762 54.8297
177.956 54.7094
175.15 54.5892
172.345 54.4689
169.539 54.3487
167.134 54.2285
164.729 54.1082
162.325 53.988
159.92 53.8677
157.515 53.7475
155.11 53.6273
153.106 53.507
150.701 53.3868
148.697 53.2665
146.693 53.1463
144.689 53.0261
142.685 52.9058
141.082 52.7856
139.078 52.6653
137.074 52.5451
135.471 52.4248
133.868 52.3046
131.864 52.1844
130.261 52.0641
128.657 51.9439
127.054 51.8236
125.451 51.7034
124.248 51.5832
122.645 51.4629
121.042 51.3427
119.84 51.2224
118.236 51.1022
117.034 50.982
115.431 50.8617
114.228 50.7415
113.026 50.6212
111.824 50.501
110.621 50.3808
109.419 50.2605
108.216 50.1403
107.014 50.02
105.812 49.8998
104.609 49.7796
103.407 49.6593
102.204 49.5391
101.403 49.4188
100.2 49.2986
98.998 49.1784
98.1964 49.0581
96.994 48.9379
96.1924 48.8176
94.99 48.6974
94.1884 48.5772
93.3868 48.4569
92.1844 48.3367
91.3828 48.2164
90.5812 48.0962
89.7796 47.976
88.978 47.8557
87.7756 47.7355
86.9739 47.6152
86.1723 47.495
85.3707 47.3747
84.5691 47.2545
83.7675 47.1343
82.9659 47.014
82.1643 46.8938
81.7635 46.7735
80.9619 46.6533
80.1603 46.5331
79.3587 46.4128
78.5571 46.2926
78.1563 46.1723
77.3547 46.0521
76.5531 45.9319
75.7515 45.8116
75.3507 45.6914
74.5491 45.5711
74.1483 45.4509
73.3467 45.3307
72.5451 45.2104
72.1443 45.0902
71.3427 44.9699
70.9419 44.8497
70.1403 44.7295
69.7395 44.6092
68.9379 44.489
68.5371 44.3687
68.1363 44.2485
67.3347 44.1283
66.9339 44.008
66.1323 43.8878
65.7315 43.7675
65.3307 43.6473
64.5291 43.5271
64.1283 43.4068
63.7275 43.2866
63.3267 43.1663
62.5251 43.0461
62.1242 42.9259
61.7234 42.8056
61.3226 42.6854
60.9218 42.5651
60.1202 42.4449
59.7194 42.3246
59.3186 42.2044
58.9178 42.0842
58.517 41.9639
58.1162 41.8437
57.7154 41.7234
56.9138 41.6032
56.513 41.483
56.1122 41.3627
55.7114 41.2425
55.3106 41.1222
54.9098 41.002
54.509 40.8818
54.1082 40.7615
53.7074 40.6413
53.3066 40.521
52.9058 40.4008
52.505 40.2806
52.1042 40.1603
51.7034 40.0401
51.3026 39.9198
51.3026 39.7996
50.9018 39.6794
50.501 39.5591
50.1002 39.4389
49.6994 39.3186
49.2986 39.1984
48.8978 39.0782
48.497 38.9579
48.497 38.8377
48.0962 38.7174
47.6954 38.5972
47.2946 38.477
46.8938 38.3567
46.493 38.2365
46.493 38.1162
46.0922 37.996
45.6914 37.8758
45.2906 37.7555
44.8898 37.6353
44.8898 37.515
44.489 37.3948
44.0882 37.2745
43.6874 37.1543
43.6874 37.0341
43.2866 36.9138
42.8858 36.7936
42.8858 36.6733
42.485 36.5531
42.0842 36.4329
41.6834 36.3126
41.6834 36.1924
41.2826 36.0721
40.8818 35.9519
40.8818 35.8317
40.481 35.7114
40.0802 35.5912
40.0802 35.4709
39.6794 35.3507
39.2786 35.2305
39.2786 35.1102
38.8778 34.99
38.477 34.8697
38.477 34.7495
38.0762 34.6293
38.0762 34.509
37.6754 34.3888
37.2745 34.2685
37.2745 34.1483
36.8737 34.0281
36.8737 33.9078
36.4729 33.7876
36.0721 33.6673
36.0721 33.5471
35.6713 33.4269
35.6713 33.3066
35.2705 33.1864
35.2705 33.0661
34.8697 32.9459
34.8697 32.8257
34.4689 32.7054
34.0681 32.5852
34.0681 32.4649
33.6673 32.3447
33.6673 32.2244
33.2665 32.1042
33.2665 31.984
32.8657 31.8637
32.8657 31.7435
32.4649 31.6232
32.4649 31.503
32.0641 31.3828
32.0641 31.2625
31.6633 31.1423
31.6633 31.022
31.2625 30.9018
31.2625 30.7816
30.8617 30.6613
30.8617 30.5411
30.4609 30.4208
30.4609 30.3006
30.4609 30.1804
30.0601 30.0601
30.0601 29.9399
29.6593 29.8196
29.6593 29.6994
29.2585 29.5792
29.2585 29.4589
28.8577 29.3387
28.8577 29.2184
28.8577 29.0982
28.4569 28.978
28.4569 28.8577
28.0561 28.7375
28.0561 28.6172
27.6553 28.497
27.6553 28.3768
27.6553 28.2565
27.2545 28.1363
27.2545 28.016
26.8537 27.8958
26.8537 27.7756
26.8537 27.6553
26.4529 27.5351
26.4529 27.4148
26.0521 27.2946
26.0521 27.1743
26.0521 27.0541
25.6513 26.9339
25.6513 26.8136
25.2505 26.6934
25.2505 26.5731
25.2505 26.4529
24.8497 26.3327
24.8497 26.2124
24.8497 26.0922
24.4489 25.9719
24.4489 25.8517
24.4489 25.7315
24.0481 25.6112
24.0481 25.491
24.0481 25.3707
23.6473 25.2505
23.6473 25.1303
23.2465 25.01
23.2465 24.8898
23.2465 24.7695
22.8457 24.6493
22.8457 24.5291
22.8457 24.4088
22.4449 24.2886
22.4449 24.1683
22.4449 24.0481
22.0441 23.9279
22.0441 23.8076
22.0441 23.6874
21.6433 23.5671
21.6433 23.4469
21.6433 23.3267
21.6433 23.2064
21.2425 23.0862
21.2425 22.9659
21.2425 22.8457
20.8417 22.7255
20.8417 22.6052
20.8417 22.485
20.4409 22.3647
20.4409 22.2445
20.4409 22.1242
20.4409 22.004
20.0401 21.8838
20.0401 21.7635
20.0401 21.6433
19.6393 21.523
19.6393 21.4028
19.6393 21.2826
19.2385 21.1623
19.2385 21.0421
19.2385 20.9218
19.2385 20.8016
18.8377 20.6814
18.8377 20.5611
18.8377 20.4409
18.8377 20.3206
18.4369 20.2004
18.4369 20.0802
18.4369 19.9599
18.0361 19.8397
18.0361 19.7194
18.0361 19.5992
18.0361 19.479
17.6353 19.3587
17.6353 19.2385
17.6353 19.1182
17.6353 18.998
17.2345 18.8778
17.2345 18.7575
17.2345 18.6373
17.2345 18.517
16.8337 18.3968
16.8337 18.2766
16.8337 18.1563
16.8337 18.0361
16.4329 17.9158
16.4329 17.7956
16.4329 17.6754
16.4329 17.5551
16.0321 17.4349
16.0321 17.3146
16.0321 17.1944
16.0321 17.0741
15.6313 16.9539
15.6313 16.8337
15.6313 16.7134
15.6313 16.5932
15.6313 16.4729
15.2305 16.3527
15.2305 16.2325
15.2305 16.1122
15.2305 15.992
14.8297 15.8717
14.8297 15.7515
14.8297 15.6313
14.8297 15.511
14.8297 15.3908
14.4289 15.2705
14.4289 15.1503
14.4289 15.0301
14.4289 14.9098
14.0281 14.7896
14.0281 14.6693
14.0281 14.5491
14.0281 14.4289
14.0281 14.3086
13.6273 14.1884
13.6273 14.0681
13.6273 13.9479
13.6273 13.8277
13.6273 13.7074
13.2265 13.5872
13.2265 13.4669
13.2265 13.3467
13.2265 13.2265
13.2265 13.1062
12.8257 12.986
12.8257 12.8657
12.8257 12.7455
12.8257 12.6253
12.8257 12.505
12.4248 12.3848
12.4248 12.2645
12.4248 12.1443
12.4248 12.024
12.4248 11.9038
12.024 11.7836
12.024 11.6633
12.024 11.5431
12.024 11.4228
12.024 11.3026
11.6232 11.1824
11.6232 11.0621
11.6232 10.9419
11.6232 10.8216
11.6232 10.7014
11.6232 10.5812
11.2224 10.4609
11.2224 10.3407
11.2224 10.2204
11.2224 10.1002
11.2224 9.97996
10.8216 9.85972
10.8216 9.73948
10.8216 9.61924
10.8216 9.499
10.8216 9.37876
10.8216 9.25852
10.4208 9.13828
10.4208 9.01804
10.4208 8.8978
10.4208 8.77756
10.4208 8.65731
10.4208 8.53707
10.02 8.41683
10.02 8.29659
10.02 8.17635
10.02 8.05611
10.02 7.93587
10.02 7.81563
9.61924 7.69539
9.61924 7.57515
9.61924 7.45491
9.61924 7.33467
9.61924 7.21443
9.61924 7.09419
9.21844 6.97395
9.21844 6.85371
9.21844 6.73347
9.21844 6.61323
9.21844 6.49299
9.21844 6.37275
9.21844 6.25251
8.81764 6.13226
8.81764 6.01202
8.81764 5.89178
8.81764 5.77154
8.81764 5.6513
8.81764 5.53106
8.41683 5.41082
8.41683 5.29058
8.41683 5.17034
8.41683 5.0501
8.41683 4.92986
8.41683 4.80962
8.41683 4.68938
8.01603 4.56914
8.01603 4.4489
8.01603 4.32866
8.01603 4.20842
8.01603 4.08818
8.01603 3.96794
8.01603 3.8477
7.61523 3.72745
7.61523 3.60721
7.61523 3.48697
7.61523 3.36673
7.61523 3.24649
7.61523 3.12625
7.61523 3.00601
7.21443 2.88577
7.21443 2.76553
7.21443 2.64529
7.21443 2.52505
7.21443 2.40481
7.21443 2.28457
7.21443 2.16433
7.21443 2.04409
6.81363 1.92385
6.81363 1.80361
6.81363 1.68337
6.81363 1.56313
6.81363 1.44289
6.81363 1.32265
6.81363 1.2024
6.41283 1.08216
6.41283 0.961924
6.41283 0.841683
6.41283 0.721443
6.41283 0.601202
6.41283 0.480962
6.41283 0.360721
6.41283 0.240481
6.01202 0.12024
6.01202 0
