0 34.9952
0 34.9928
0 34.9904
0.11022 34.988
0.11022 34.9856
0.11022 34.9832
0.220441 34.9808
0.220441 34.9784
0.220441 34.976
0.330661 34.9735
0.330661 34.9711
0.330661 34.9687
0.330661 34.9663
0.440882 34.9639
0.440882 34.9615
0.440882 34.9591
0.551102 34.9567
0.551102 34.9543
0.551102 34.9519
0.661323 34.9495
0.661323 34.9471
0.661323 34.9447
0.771543 34.9423
0.771543 34.9399
0.771543 34.9375
0.881764 34.9351
0.881764 34.9327
0.881764 34.9303
0.991984 34.9279
0.991984 34.9255
0.991984 34.923
1.1022 34.9206
1.1022 34.9182
1.1022 34.9158
1.21242 34.9134
1.21242 34.911
1.21242 34.9086
1.32265 34.9062
1.32265 34.9038
1.32265 34.9014
1.43287 34.899
1.43287 34.8966
1.54309 34.8942
1.54309 34.8918
1.54309 34.8894
1.65331 34.887
1.65331 34.8846
1.65331 34.8822
1.76353 34.8798
1.76353 34.8774
1.76353 34.8749
1.87375 34.8725
1.87375 34.8701
1.87375 34.8677
1.98397 34.8653
1.98397 34.8629
2.09419 34.8605
2.09419 34.8581
2.09419 34.8557
2.20441 34.8533
2.20441 34.8509
2.20441 34.8485
2.31463 34.8461
2.31463 34.8437
2.42485 34.8413
2.42485 34.8389
2.42485 34.8365
2.53507 34.8341
2.53507 34.8317
2.64529 34.8293
2.64529 34.8269
2.64529 34.8244
2.75551 34.822
2.75551 34.8196
2.86573 34.8172
2.86573 34.8148
2.86573 34.8124
2.97595 34.81
2.97595 34.8076
3.08617 34.8052
3.08617 34.8028
3.08617 34.8004
3.19639 34.798
3.19639 34.7956
3.30661 34.7932
3.30661 34.7908
3.30661 34.7884
3.41683 34.786
3.41683 34.7836
3.52705 34.7812
3.52705 34.7788
3.63727 34.7764
3.63727 34.7739
3.63727 34.7715
3.74749 34.7691
3.74749 34.7667
3.85772 34.7643
3.85772 34.7619
3.96794 34.7595
3.96794 34.7571
3.96794 34.7547
4.07816 34.7523
4.07816 34.7499
4.18838 34.7475
4.18838 34.7451
4.2986 34.7427
4.2986 34.7403
4.40882 34.7379
4.40882 34.7355
4.51904 34.7331
4.51904 34.7307
4.51904 34.7283
4.62926 34.7259
4.62926 34.7234
4.73948 34.721
4.73948 34.7186
4.8497 34.7162
4.8497 34.7138
4.95992 34.7114
4.95992 34.709
5.07014 34.7066
5.07014 34.7042
5.18036 34.7018
5.18036 34.6994
5.29058 34.697
5.29058 34.6946
5.4008 34.6922
5.4008 34.6898
5.51102 34.6874
5.51102 34.685
5.62124 34.6826
5.62124 34.6802
5.73146 34.6778
5.73146 34.6754
5.84168 34.6729
5.84168 34.6705
5.9519 34.6681
5.9519 34.6657
6.06212 34.6633
6.06212 34.6609
6.17234 34.6585
6.17234 34.6561
6.28257 34.6537
6.28257 34.6513
6.39279 34.6489
6.39279 34.6465
6.50301 34.6441
6.50301 34.6417
6.61323 34.6393
6.72345 34.6369
6.72345 34.6345
6.83367 34.6321
6.83367 34.6297
6.94389 34.6273
6.94389 34.6248
7.05411 34.6224
7.05411 34.62
7.16433 34.6176
7.27455 34.6152
7.27455 34.6128
7.38477 34.6104
7.38477 34.608
7.49499 34.6056
7.49499 34.6032
7.60521 34.6008
7.71543 34.5984
7.71543 34.596
7.82565 34.5936
7.82565 34.5912
7.93587 34.5888
8.04609 34.5864
8.04609 34.584
8.15631 34.5816
8.15631 34.5792
8.26653 34.5768
8.37675 34.5743
8.37675 34.5719
8.48697 34.5695
8.59719 34.5671
8.59719 34.5647
8.70741 34.5623
8.70741 34.5599
8.81764 34.5575
8.92786 34.5551
8.92786 34.5527
9.03808 34.5503
9.1483 34.5479
9.1483 34.5455
9.25852 34.5431
9.36874 34.5407
9.36874 34.5383
9.47896 34.5359
9.58918 34.5335
9.58918 34.5311
9.6994 34.5287
9.80962 34.5263
9.80962 34.5238
9.91984 34.5214
10.0301 34.519
10.0301 34.5166
10.1403 34.5142
10.2505 34.5118
10.3607 34.5094
10.3607 34.507
10.4709 34.5046
10.5812 34.5022
10.5812 34.4998
10.6914 34.4974
10.8016 34.495
10.9118 34.4926
10.9118 34.4902
11.022 34.4878
11.1323 34.4854
11.2425 34.483
11.2425 34.4806
11.3527 34.4782
11.4629 34.4758
11.5731 34.4733
11.5731 34.4709
11.6834 34.4685
11.7936 34.4661
11.9038 34.4637
11.9038 34.4613
12.014 34.4589
12.1242 34.4565
12.2345 34.4541
12.3447 34.4517
12.3447 34.4493
12.4549 34.4469
12.5651 34.4445
12.6754 34.4421
12.7856 34.4397
12.8958 34.4373
12.8958 34.4349
13.006 34.4325
13.1162 34.4301
13.2265 34.4277
13.3367 34.4253
13.4469 34.4228
13.5571 34.4204
13.5571 34.418
13.6673 34.4156
13.7776 34.4132
13.8878 34.4108
13.998 34.4084
14.1082 34.406
14.2184 34.4036
14.3287 34.4012
14.3287 34.3988
14.4389 34.3964
14.5491 34.394
14.6593 34.3916
14.7695 34.3892
14.8798 34.3868
14.99 34.3844
15.1002 34.382
15.2104 34.3796
15.3206 34.3772
15.4309 34.3747
15.5411 34.3723
15.6513 34.3699
15.7615 34.3675
15.8717 34.3651
15.982 34.3627
16.0922 34.3603
16.2024 34.3579
16.3126 34.3555
16.4228 34.3531
16.5331 34.3507
16.6433 34.3483
16.7535 34.3459
16.8637 34.3435
16.9739 34.3411
17.0842 34.3387
17.1944 34.3363
17.3046 34.3339
17.4148 34.3315
17.5251 34.3291
17.7455 34.3267
17.8557 34.3242
17.9659 34.3218
18.0762 34.3194
18.1864 34.317
18.2966 34.3146
18.4068 34.3122
18.517 34.3098
18.7375 34.3074
18.8477 34.305
18.9579 34.3026
19.0681 34.3002
19.1784 34.2978
19.2886 34.2954
19.509 34.293
19.6192 34.2906
19.7295 34.2882
19.8397 34.2858
19.9499 34.2834
20.1703 34.281
20.2806 34.2786
20.3908 34.2762
20.501 34.2737
20.7214 34.2713
20.8317 34.2689
20.9419 34.2665
21.1623 34.2641
21.2725 34.2617
21.3828 34.2593
21.6032 34.2569
21.7134 34.2545
21.8236 34.2521
22.0441 34.2497
22.1543 34.2473
22.2645 34.2449
22.485 34.2425
22.5952 34.2401
22.8156 34.2377
22.9259 34.2353
23.0361 34.2329
23.2565 34.2305
23.3667 34.2281
23.5872 34.2257
23.6974 34.2232
23.9178 34.2208
24.0281 34.2184
24.2485 34.216
24.3587 34.2136
24.5792 34.2112
24.6894 34.2088
24.9098 34.2064
25.02 34.204
25.2405 34.2016
25.4609 34.1992
25.5711 34.1968
25.7916 34.1944
25.9018 34.192
26.1222 34.1896
26.3427 34.1872
26.4529 34.1848
26.6733 34.1824
26.8938 34.18
27.1142 34.1776
27.2244 34.1752
27.4449 34.1727
27.6653 34.1703
27.8858 34.1679
27.996 34.1655
28.2164 34.1631
28.4369 34.1607
28.6573 34.1583
28.8778 34.1559
28.988 34.1535
29.2084 34.1511
29.4289 34.1487
29.6493 34.1463
29.8697 34.1439
30.0902 34.1415
30.3106 34.1391
30.5311 34.1367
30.7515 34.1343
30.9719 34.1319
31.1924 34.1295
31.4128 34.1271
31.6333 34.1246
31.8537 34.1222
32.0741 34.1198
32.2946 34.1174
32.515 34.115
32.7355 34.1126
33.0661 34.1102
33.2866 34.1078
33.507 34.1054
33.7275 34.103
34.0581 34.1006
34.2786 34.0982
34.499 34.0958
34.7194 34.0934
35.0501 34.091
35.2705 34.0886
35.491 34.0862
35.8216 34.0838
36.0421 34.0814
36.3727 34.079
36.5932 34.0766
36.9238 34.0741
37.1443 34.0717
37.4749 34.0693
37.6954 34.0669
38.0261 34.0645
38.3567 34.0621
38.5772 34.0597
38.9078 34.0573
39.2385 34.0549
39.4589 34.0525
39.7896 34.0501
40.1202 34.0477
40.4509 34.0453
40.7816 34.0429
41.002 34.0405
41.3327 34.0381
41.6633 34.0357
41.994 34.0333
42.3246 34.0309
42.6553 34.0285
42.986 34.0261
43.3166 34.0236
43.7575 34.0212
44.0882 34.0188
44.4188 34.0164
44.7495 34.014
45.0802 34.0116
45.521 34.0092
45.8517 34.0068
46.1824 34.0044
46.6232 34.002
46.9539 33.9996
47.3948 33.9972
47.7255 33.9948
48.1663 33.9924
48.6072 33.99
48.9379 33.9876
49.3788 33.9852
49.8196 33.9828
50.2605 33.9804
50.5912 33.978
51.0321 33.9756
51.4729 33.9731
51.9138 33.9707
52.3547 33.9683
52.7956 33.9659
53.3467 33.9635
53.7876 33.9611
54.2285 33.9587
54.6693 33.9563
